0	4.995
0.003	4.995
0.006	4.995
0.008	4.995
0.011	4.995
0.014	4.995
0.017	4.995
0.019	4.995
0.022	4.985
0.025	4.995
0.028	4.995
0.031	5
0.033	5.025
0.036	5.035
0.039	5.015
0.042	4.95
0.044	4.895
0.047	4.865
0.05	4.84
0.053	4.825
0.056	4.78
0.058	4.725
0.061	4.71
0.064	4.715
0.067	4.74
0.069	4.75
0.072	4.73
0.075	4.71
0.078	4.695
0.081	4.7
0.083	4.715
0.086	4.75
0.089	4.745
0.092	4.73
0.094	4.71
0.097	4.715
0.1	4.725
0.103	4.745
0.106	4.73
0.108	4.725
0.111	4.725
0.114	4.725
0.117	4.735
0.119	4.74
0.122	4.735
0.125	4.72
0.128	4.715
0.131	4.715
0.133	4.715
0.136	4.705
0.139	4.685
0.142	4.695
0.144	4.695
0.147	4.73
0.15	4.745
0.153	4.755
0.156	4.75
0.158	4.755
0.161	4.74
0.164	4.715
0.167	4.715
0.169	4.73
0.172	4.755
0.175	4.79
0.178	4.8
0.181	4.825
0.183	4.85
0.186	4.84
0.189	4.78
0.192	4.68
0.194	4.61
0.197	4.6
0.2	4.61
0.203	4.61
0.206	4.585
0.208	4.58
0.211	4.535
0.214	4.495
0.217	4.48
0.219	4.47
0.222	4.435
0.225	4.39
0.228	4.34
0.231	4.285
0.233	4.235
0.236	4.205
0.239	4.18
0.242	4.145
0.244	4.14
0.247	4.18
0.25	4.205
0.253	4.225
0.256	4.23
0.258	4.29
0.261	4.36
0.264	4.42
0.267	4.495
0.269	4.54
0.272	4.575
0.275	4.615
0.278	4.635
0.281	4.675
0.283	4.725
0.286	4.75
0.289	4.75
0.292	4.76
0.294	4.76
0.297	4.765
0.3	4.795
0.303	4.805
0.306	4.8
0.308	4.775
0.311	4.775
0.314	4.79
0.317	4.82
0.319	4.835
0.322	4.82
0.325	4.83
0.328	4.825
0.331	4.82
0.333	4.83
0.336	4.84
0.339	4.835
0.342	4.8
0.344	4.8
0.347	4.81
0.35	4.825
0.353	4.835
0.356	4.845
0.358	4.835
0.361	4.83
0.364	4.825
0.367	4.835
0.369	4.835
0.372	4.83
0.375	4.835
0.378	4.845
0.381	4.84
0.383	4.85
0.386	4.86
0.389	4.85
0.392	4.85
0.394	4.845
0.397	4.86
0.4	4.88
0.403	4.895
0.406	4.88
0.408	4.855
0.411	4.84
0.414	4.845
0.417	4.88
0.419	4.9
0.422	4.9
0.425	4.895
0.428	4.88
0.431	4.9
0.433	4.92
0.436	4.93
0.439	4.935
0.442	4.9
0.444	4.875
0.447	4.895
0.45	4.925
0.453	4.935
0.456	4.955
0.458	4.94
0.461	4.93
0.464	4.935
0.467	4.94
0.469	4.955
0.472	4.95
0.475	4.965
0.478	4.96
0.481	4.945
0.483	4.945
0.486	4.975
0.489	4.95
0.492	4.96
0.494	4.955
0.497	4.955
0.5	4.96
0.503	4.965
0.506	4.955
0.508	4.95
0.511	4.93
0.514	4.925
0.517	4.925
0.519	4.94
0.522	4.94
0.525	4.92
0.528	4.92
0.531	4.915
0.533	4.92
0.536	4.93
0.539	4.93
0.542	4.92
0.544	4.89
0.547	4.895
0.55	4.91
0.553	4.905
0.556	4.915
0.558	4.905
0.561	4.89
0.564	4.86
0.567	4.865
0.569	4.87
0.572	4.88
0.575	4.875
0.578	4.87
0.581	4.855
0.583	4.85
0.586	4.865
0.589	4.855
0.592	4.855
0.594	4.85
0.597	4.84
0.6	4.86
0.603	4.865
0.606	4.86
0.608	4.85
0.611	4.845
0.614	4.85
0.617	4.865
0.619	4.865
0.622	4.86
0.625	4.85
0.628	4.845
0.631	4.85
0.633	4.855
0.636	4.865
0.639	4.855
0.642	4.84
0.644	4.835
0.647	4.835
0.65	4.84
0.653	4.86
0.656	4.855
0.658	4.85
0.661	4.84
0.664	4.835
0.667	4.835
0.669	4.86
0.672	4.865
0.675	4.85
0.678	4.845
0.681	4.835
0.683	4.85
0.686	4.845
0.689	4.83
0.692	4.815
0.694	4.8
0.697	4.815
0.7	4.83
0.703	4.845
0.706	4.835
0.708	4.81
0.711	4.795
0.714	4.805
0.717	4.805
0.719	4.82
0.722	4.81
0.725	4.785
0.728	4.78
0.731	4.755
0.733	4.765
0.736	4.785
0.739	4.78
0.742	4.78
0.744	4.745
0.747	4.755
0.75	4.77
0.753	4.78
0.756	4.76
0.758	4.76
0.761	4.745
0.764	4.75
0.767	4.765
0.769	4.77
0.772	4.77
0.775	4.76
0.778	4.75
0.781	4.745
0.783	4.745
0.786	4.77
0.789	4.76
0.792	4.76
0.794	4.74
0.797	4.745
0.8	4.765
0.803	4.775
0.806	4.78
0.808	4.775
0.811	4.765
0.814	4.76
0.817	4.775
0.819	4.785
0.822	4.775
0.825	4.78
0.828	4.78
0.831	4.78
0.833	4.79
0.836	4.79
0.839	4.795
0.842	4.79
0.844	4.785
0.847	4.79
0.85	4.81
0.853	4.825
0.856	4.82
0.858	4.8
0.861	4.79
0.864	4.775
0.867	4.795
0.869	4.805
0.872	4.81
0.875	4.805
0.878	4.775
0.881	4.79
0.883	4.81
0.886	4.83
0.889	4.805
0.892	4.785
0.894	4.785
0.897	4.775
0.9	4.795
0.903	4.815
0.906	4.82
0.908	4.815
0.911	4.815
0.914	4.805
0.917	4.82
0.919	4.83
0.922	4.82
0.925	4.8
0.928	4.795
0.931	4.8
0.933	4.815
0.936	4.815
0.939	4.81
0.942	4.81
0.944	4.81
0.947	4.815
0.95	4.82
0.953	4.84
0.956	4.855
0.958	4.845
0.961	4.84
0.964	4.855
0.967	4.87
0.969	4.885
0.972	4.895
0.975	4.895
0.978	4.89
0.981	4.92
0.983	4.94
0.986	4.965
0.989	4.975
0.992	4.97
0.994	4.97
0.997	5
1	5.015
1.003	5.025
1.006	5.035
1.008	5.03
1.011	5.025
1.014	5.025
1.017	5.045
1.019	5.065
1.022	5.07
1.025	5.055
1.028	5.01
1.031	4.985
1.033	4.955
1.036	4.935
1.039	4.9
1.042	4.845
1.044	4.8
1.047	4.77
1.05	4.75
1.053	4.77
1.056	4.77
1.058	4.765
1.061	4.76
1.064	4.755
1.067	4.76
1.069	4.775
1.072	4.78
1.075	4.765
1.078	4.75
1.081	4.74
1.083	4.73
1.086	4.76
1.089	4.78
1.092	4.8
1.094	4.78
1.097	4.76
1.1	4.765
1.103	4.775
1.106	4.78
1.108	4.765
1.111	4.77
1.114	4.77
1.117	4.775
1.119	4.77
1.122	4.765
1.125	4.75
1.128	4.75
1.131	4.76
1.133	4.775
1.136	4.79
1.139	4.79
1.142	4.77
1.144	4.76
1.147	4.75
1.15	4.745
1.153	4.735
1.156	4.73
1.158	4.745
1.161	4.775
1.164	4.805
1.167	4.845
1.169	4.87
1.172	4.855
1.175	4.78
1.178	4.695
1.181	4.625
1.183	4.61
1.186	4.625
1.189	4.635
1.192	4.625
1.194	4.59
1.197	4.545
1.2	4.52
1.203	4.49
1.206	4.465
1.208	4.44
1.211	4.395
1.214	4.34
1.217	4.275
1.219	4.22
1.222	4.205
1.225	4.185
1.228	4.185
1.231	4.205
1.233	4.24
1.236	4.265
1.239	4.3
1.242	4.365
1.244	4.435
1.247	4.51
1.25	4.57
1.253	4.61
1.256	4.64
1.258	4.68
1.261	4.73
1.264	4.765
1.267	4.805
1.269	4.82
1.272	4.82
1.275	4.82
1.278	4.82
1.281	4.83
1.283	4.845
1.286	4.855
1.289	4.845
1.292	4.83
1.294	4.82
1.297	4.845
1.3	4.865
1.303	4.875
1.306	4.86
1.308	4.84
1.311	4.845
1.314	4.86
1.317	4.875
1.319	4.88
1.322	4.87
1.325	4.875
1.328	4.86
1.331	4.855
1.333	4.85
1.336	4.88
1.339	4.89
1.342	4.9
1.344	4.895
1.347	4.9
1.35	4.895
1.353	4.895
1.356	4.895
1.358	4.88
1.361	4.88
1.364	4.88
1.367	4.89
1.369	4.92
1.372	4.925
1.375	4.92
1.378	4.905
1.381	4.89
1.383	4.905
1.386	4.94
1.389	4.94
1.392	4.935
1.394	4.925
1.397	4.92
1.4	4.925
1.403	4.945
1.406	4.965
1.408	4.965
1.411	4.945
1.414	4.95
1.417	4.975
1.419	4.98
1.422	4.97
1.425	4.96
1.428	4.965
1.431	4.98
1.433	4.985
1.436	5.005
1.439	5
1.442	5.01
1.444	5.005
1.447	5.01
1.45	5.01
1.453	5.025
1.456	5.01
1.458	5.005
1.461	4.99
1.464	5
1.467	5.015
1.469	5.02
1.472	5.01
1.475	5.005
1.478	5
1.481	5.015
1.483	5.035
1.486	5.03
1.489	5.02
1.492	5.005
1.494	4.99
1.497	4.995
1.5	5.02
1.503	5.02
1.506	5.005
1.508	4.99
1.511	4.975
1.514	4.965
1.517	4.96
1.519	4.98
1.522	4.98
1.525	4.975
1.528	4.955
1.531	4.93
1.533	4.925
1.536	4.95
1.539	4.955
1.542	4.94
1.544	4.93
1.547	4.915
1.55	4.92
1.553	4.95
1.556	4.93
1.558	4.915
1.561	4.91
1.564	4.905
1.567	4.905
1.569	4.915
1.572	4.915
1.575	4.905
1.578	4.895
1.581	4.91
1.583	4.92
1.586	4.925
1.589	4.91
1.592	4.895
1.594	4.88
1.597	4.88
1.6	4.88
1.603	4.875
1.606	4.875
1.608	4.89
1.611	4.895
1.614	4.9
1.617	4.895
1.619	4.885
1.622	4.885
1.625	4.86
1.628	4.855
1.631	4.87
1.633	4.885
1.636	4.895
1.639	4.885
1.642	4.87
1.644	4.835
1.647	4.84
1.65	4.86
1.653	4.87
1.656	4.86
1.658	4.85
1.661	4.845
1.664	4.835
1.667	4.855
1.669	4.86
1.672	4.85
1.675	4.82
1.678	4.815
1.681	4.82
1.683	4.81
1.686	4.83
1.689	4.85
1.692	4.82
1.694	4.8
1.697	4.81
1.7	4.815
1.703	4.835
1.706	4.835
1.708	4.825
1.711	4.805
1.714	4.8
1.717	4.8
1.719	4.805
1.722	4.8
1.725	4.805
1.728	4.78
1.731	4.785
1.733	4.805
1.736	4.81
1.739	4.8
1.742	4.785
1.744	4.78
1.747	4.775
1.75	4.79
1.753	4.805
1.756	4.8
1.758	4.795
1.761	4.78
1.764	4.775
1.767	4.78
1.769	4.79
1.772	4.79
1.775	4.81
1.778	4.805
1.781	4.815
1.783	4.81
1.786	4.81
1.789	4.815
1.792	4.805
1.794	4.8
1.797	4.815
1.8	4.82
1.803	4.82
1.806	4.815
1.808	4.815
1.811	4.8
1.814	4.8
1.817	4.81
1.819	4.81
1.822	4.815
1.825	4.825
1.828	4.825
1.831	4.82
1.833	4.825
1.836	4.82
1.839	4.825
1.842	4.815
1.844	4.815
1.847	4.835
1.85	4.845
1.853	4.83
1.856	4.835
1.858	4.835
1.861	4.805
1.864	4.82
1.867	4.83
1.869	4.835
1.872	4.825
1.875	4.82
1.878	4.83
1.881	4.835
1.883	4.855
1.886	4.85
1.889	4.84
1.892	4.83
1.894	4.825
1.897	4.82
1.9	4.835
1.903	4.845
1.906	4.85
1.908	4.85
1.911	4.835
1.914	4.83
1.917	4.84
1.919	4.845
1.922	4.845
1.925	4.845
1.928	4.845
1.931	4.86
1.933	4.895
1.936	4.915
1.939	4.92
1.942	4.915
1.944	4.905
1.947	4.915
1.95	4.92
1.953	4.945
1.956	4.97
1.958	5
1.961	5.005
1.964	5.03
1.967	5.035
1.969	5.055
1.972	5.055
1.975	5.035
1.978	5.04
1.981	5.08
1.983	5.125
1.986	5.13
1.989	5.125
1.992	5.11
1.994	5.08
1.997	5.04
2	5
2.003	4.985
2.006	4.945
2.008	4.905
2.011	4.855
2.014	4.815
2.017	4.805
2.019	4.805
2.022	4.805
2.025	4.815
2.028	4.8
2.031	4.805
2.033	4.815
2.036	4.83
2.039	4.815
2.042	4.805
2.044	4.795
2.047	4.805
2.05	4.805
2.053	4.815
2.056	4.81
2.058	4.81
2.061	4.805
2.064	4.8
2.067	4.805
2.069	4.815
2.072	4.835
2.075	4.835
2.078	4.81
2.081	4.8
2.083	4.8
2.086	4.81
2.089	4.775
2.092	4.78
2.094	4.77
2.097	4.775
2.1	4.775
2.103	4.8
2.106	4.805
2.108	4.805
2.111	4.775
2.114	4.78
2.117	4.8
2.119	4.805
2.122	4.795
2.125	4.77
2.128	4.78
2.131	4.8
2.133	4.835
2.136	4.85
2.139	4.855
2.142	4.84
2.144	4.77
2.147	4.695
2.15	4.655
2.153	4.65
2.156	4.63
2.158	4.61
2.161	4.59
2.164	4.555
2.167	4.515
2.169	4.495
2.172	4.465
2.175	4.44
2.178	4.415
2.181	4.36
2.183	4.3
2.186	4.26
2.189	4.22
2.192	4.205
2.194	4.195
2.197	4.225
2.2	4.28
2.203	4.305
2.206	4.33
2.208	4.375
2.211	4.45
2.214	4.54
2.217	4.605
2.219	4.645
2.222	4.66
2.225	4.695
2.228	4.725
2.231	4.775
2.233	4.805
2.236	4.825
2.239	4.83
2.242	4.84
2.244	4.84
2.247	4.835
2.25	4.85
2.253	4.86
2.256	4.865
2.258	4.855
2.261	4.855
2.264	4.855
2.267	4.855
2.269	4.855
2.272	4.86
2.275	4.85
2.278	4.835
2.281	4.86
2.283	4.905
2.286	4.93
2.289	4.91
2.292	4.89
2.294	4.865
2.297	4.865
2.3	4.89
2.303	4.885
2.306	4.885
2.308	4.875
2.311	4.89
2.314	4.905
2.317	4.9
2.319	4.9
2.322	4.9
2.325	4.895
2.328	4.89
2.331	4.895
2.333	4.915
2.336	4.93
2.339	4.92
2.342	4.905
2.344	4.89
2.347	4.9
2.35	4.935
2.353	4.95
2.356	4.96
2.358	4.94
2.361	4.92
2.364	4.915
2.367	4.945
2.369	4.985
2.372	5.01
2.375	4.975
2.378	4.945
2.381	4.94
2.383	4.965
2.386	4.985
2.389	4.995
2.392	4.975
2.394	4.97
2.397	4.98
2.4	4.975
2.403	5
2.406	5.025
2.408	5.02
2.411	5
2.414	5.015
2.417	5.01
2.419	5.01
2.422	5.005
2.425	5.005
2.428	4.995
2.431	5.015
2.433	5.025
2.436	5.03
2.439	5.035
2.442	5.02
2.444	4.99
2.447	4.97
2.45	4.98
2.453	5.01
2.456	5.05
2.458	5.055
2.461	5.015
2.464	4.985
2.467	4.98
2.469	5.01
2.472	5.03
2.475	5.015
2.478	4.995
2.481	4.99
2.483	4.975
2.486	4.99
2.489	4.97
2.492	4.94
2.494	4.935
2.497	4.93
2.5	4.935
2.503	4.95
2.506	4.945
2.508	4.92
2.511	4.91
2.514	4.905
2.517	4.91
2.519	4.91
2.522	4.895
2.525	4.885
2.528	4.875
2.531	4.87
2.533	4.89
2.536	4.9
2.539	4.895
2.542	4.885
2.544	4.855
2.547	4.865
2.55	4.87
2.553	4.88
2.556	4.88
2.558	4.865
2.561	4.85
2.564	4.845
2.567	4.855
2.569	4.87
2.572	4.855
2.575	4.85
2.578	4.82
2.581	4.845
2.583	4.855
2.586	4.855
2.589	4.86
2.592	4.85
2.594	4.825
2.597	4.825
2.6	4.835
2.603	4.845
2.606	4.845
2.608	4.825
2.611	4.81
2.614	4.795
2.617	4.81
2.619	4.83
2.622	4.83
2.625	4.825
2.628	4.815
2.631	4.805
2.633	4.81
2.636	4.815
2.639	4.83
2.642	4.81
2.644	4.785
2.647	4.775
2.65	4.775
2.653	4.785
2.656	4.79
2.658	4.79
2.661	4.78
2.664	4.77
2.667	4.775
2.669	4.79
2.672	4.79
2.675	4.775
2.678	4.745
2.681	4.76
2.683	4.77
2.686	4.78
2.689	4.775
2.692	4.75
2.694	4.75
2.697	4.76
2.7	4.755
2.703	4.775
2.706	4.765
2.708	4.75
2.711	4.75
2.714	4.745
2.717	4.765
2.719	4.775
2.722	4.78
2.725	4.77
2.728	4.755
2.731	4.75
2.733	4.755
2.736	4.765
2.739	4.755
2.742	4.745
2.744	4.75
2.747	4.755
2.75	4.78
2.753	4.805
2.756	4.785
2.758	4.77
2.761	4.755
2.764	4.77
2.767	4.77
2.769	4.785
2.772	4.78
2.775	4.765
2.778	4.77
2.781	4.785
2.783	4.78
2.786	4.79
2.789	4.77
2.792	4.765
2.794	4.77
2.797	4.795
2.8	4.805
2.803	4.795
2.806	4.78
2.808	4.755
2.811	4.76
2.814	4.78
2.817	4.795
2.819	4.8
2.822	4.79
2.825	4.78
2.828	4.765
2.831	4.79
2.833	4.8
2.836	4.795
2.839	4.785
2.842	4.795
2.844	4.79
2.847	4.795
2.85	4.8
2.853	4.79
2.856	4.78
2.858	4.775
2.861	4.795
2.864	4.81
2.867	4.81
2.869	4.81
2.872	4.81
2.875	4.795
2.878	4.8
2.881	4.815
2.883	4.82
2.886	4.815
2.889	4.785
2.892	4.785
2.894	4.785
2.897	4.815
2.9	4.83
2.903	4.82
2.906	4.805
2.908	4.785
2.911	4.8
2.914	4.815
2.917	4.83
2.919	4.825
2.922	4.82
2.925	4.8
2.928	4.815
2.931	4.835
2.933	4.84
2.936	4.845
2.939	4.855
2.942	4.87
2.944	4.89
2.947	4.9
2.95	4.91
2.953	4.925
2.956	4.93
2.958	4.94
2.961	4.955
2.964	4.985
2.967	5.01
2.969	5.03
2.972	5.025
2.975	5.02
2.978	5.01
2.981	5.005
2.983	5.03
2.986	5.045
2.989	5.045
2.992	5.05
2.994	5.065
2.997	5.08
3	5.055
3.003	5.005
3.006	4.955
3.008	4.895
3.011	4.875
3.014	4.835
3.017	4.815
3.019	4.77
3.022	4.755
3.025	4.75
3.028	4.765
3.031	4.77
3.033	4.775
3.036	4.775
3.039	4.76
3.042	4.76
3.044	4.77
3.047	4.78
3.05	4.785
3.053	4.765
3.056	4.755
3.058	4.74
3.061	4.75
3.064	4.765
3.067	4.79
3.069	4.78
3.072	4.77
3.075	4.765
3.078	4.765
3.081	4.77
3.083	4.78
3.086	4.775
3.089	4.765
3.092	4.76
3.094	4.77
3.097	4.77
3.1	4.79
3.103	4.785
3.106	4.765
3.108	4.755
3.111	4.765
3.114	4.765
3.117	4.77
3.119	4.775
3.122	4.78
3.125	4.78
3.128	4.77
3.131	4.76
3.133	4.75
3.136	4.74
3.139	4.775
3.142	4.795
3.144	4.84
3.147	4.88
3.15	4.9
3.153	4.875
3.156	4.8
3.158	4.68
3.161	4.605
3.164	4.605
3.167	4.61
3.169	4.62
3.172	4.615
3.175	4.565
3.178	4.52
3.181	4.485
3.183	4.47
3.186	4.445
3.189	4.415
3.192	4.375
3.194	4.335
3.197	4.275
3.2	4.25
3.203	4.22
3.206	4.185
3.208	4.175
3.211	4.21
3.214	4.25
3.217	4.275
3.219	4.3
3.222	4.355
3.225	4.43
3.228	4.51
3.231	4.57
3.233	4.605
3.236	4.645
3.239	4.68
3.242	4.735
3.244	4.75
3.247	4.79
3.25	4.815
3.253	4.84
3.256	4.84
3.258	4.825
3.261	4.815
3.264	4.83
3.267	4.84
3.269	4.83
3.272	4.83
3.275	4.83
3.278	4.835
3.281	4.845
3.283	4.85
3.286	4.835
3.289	4.84
3.292	4.82
3.294	4.82
3.297	4.85
3.3	4.865
3.303	4.86
3.306	4.86
3.308	4.84
3.311	4.85
3.314	4.85
3.317	4.865
3.319	4.85
3.322	4.86
3.325	4.84
3.328	4.845
3.331	4.85
3.333	4.87
3.336	4.88
3.339	4.885
3.342	4.855
3.344	4.855
3.347	4.875
3.35	4.875
3.353	4.88
3.356	4.88
3.358	4.875
3.361	4.885
3.364	4.915
3.367	4.935
3.369	4.92
3.372	4.915
3.375	4.9
3.378	4.905
3.381	4.915
3.383	4.92
3.386	4.92
3.389	4.925
3.392	4.925
3.394	4.935
3.397	4.94
3.4	4.94
3.403	4.95
3.406	4.95
3.408	4.93
3.411	4.925
3.414	4.96
3.417	4.97
3.419	4.985
3.422	4.96
3.425	4.95
3.428	4.96
3.431	4.97
3.433	4.99
3.436	4.99
3.439	4.97
3.442	4.965
3.444	4.96
3.447	4.97
3.45	4.96
3.453	4.96
3.456	4.97
3.458	4.975
3.461	4.97
3.464	4.97
3.467	4.98
3.469	4.965
3.472	4.97
3.475	4.945
3.478	4.94
3.481	4.95
3.483	4.945
3.486	4.94
3.489	4.92
3.492	4.905
3.494	4.905
3.497	4.91
3.5	4.92
3.503	4.91
3.506	4.905
3.508	4.885
3.511	4.875
3.514	4.88
3.517	4.87
3.519	4.865
3.522	4.87
3.525	4.855
3.528	4.86
3.531	4.87
3.533	4.865
3.536	4.88
3.539	4.88
3.542	4.865
3.544	4.855
3.547	4.85
3.55	4.865
3.553	4.865
3.556	4.87
3.558	4.87
3.561	4.865
3.564	4.86
3.567	4.875
3.569	4.87
3.572	4.87
3.575	4.845
3.578	4.855
3.581	4.855
3.583	4.87
3.586	4.865
3.589	4.85
3.592	4.845
3.594	4.85
3.597	4.84
3.6	4.855
3.603	4.855
3.606	4.84
3.608	4.835
3.611	4.83
3.614	4.85
3.617	4.86
3.619	4.845
3.622	4.82
3.625	4.825
3.628	4.845
3.631	4.845
3.633	4.845
3.636	4.845
3.639	4.83
3.642	4.805
3.644	4.815
3.647	4.805
3.65	4.83
3.653	4.835
3.656	4.815
3.658	4.81
3.661	4.8
3.664	4.815
3.667	4.805
3.669	4.81
3.672	4.775
3.675	4.765
3.678	4.77
3.681	4.785
3.683	4.805
3.686	4.805
3.689	4.77
3.692	4.77
3.694	4.785
3.697	4.785
3.7	4.795
3.703	4.795
3.706	4.78
3.708	4.77
3.711	4.765
3.714	4.77
3.717	4.785
3.719	4.785
3.722	4.78
3.725	4.745
3.728	4.75
3.731	4.775
3.733	4.81
3.736	4.815
3.739	4.8
3.742	4.785
3.744	4.79
3.747	4.805
3.75	4.82
3.753	4.83
3.756	4.815
3.758	4.8
3.761	4.81
3.764	4.8
3.767	4.81
3.769	4.805
3.772	4.79
3.775	4.8
3.778	4.8
3.781	4.81
3.783	4.83
3.786	4.815
3.789	4.82
3.792	4.805
3.794	4.805
3.797	4.8
3.8	4.81
3.803	4.815
3.806	4.815
3.808	4.81
3.811	4.825
3.814	4.84
3.817	4.84
3.819	4.83
3.822	4.805
3.825	4.78
3.828	4.78
3.831	4.805
3.833	4.85
3.836	4.86
3.839	4.85
3.842	4.83
3.844	4.835
3.847	4.83
3.85	4.84
3.853	4.84
3.856	4.82
3.858	4.82
3.861	4.81
3.864	4.83
3.867	4.84
3.869	4.835
3.872	4.83
3.875	4.815
3.878	4.81
3.881	4.84
3.883	4.86
3.886	4.865
3.889	4.88
3.892	4.875
3.894	4.885
3.897	4.9
3.9	4.905
3.903	4.91
3.906	4.92
3.908	4.935
3.911	4.95
3.914	4.98
3.917	4.995
3.919	5.005
3.922	5.015
3.925	5.02
3.928	5.04
3.931	5.055
3.933	5.065
3.936	5.06
3.939	5.06
3.942	5.06
3.944	5.055
3.947	5.06
3.95	5.065
3.953	5.05
3.956	5.03
3.958	4.975
3.961	4.93
3.964	4.895
3.967	4.85
3.969	4.81
3.972	4.775
3.975	4.76
3.978	4.76
3.981	4.775
3.983	4.8
3.986	4.805
3.989	4.795
3.992	4.78
3.994	4.775
3.997	4.775
4	4.78
4.003	4.775
4.006	4.75
4.008	4.755
4.011	4.775
4.014	4.785
4.017	4.805
4.019	4.795
4.022	4.775
4.025	4.75
4.028	4.76
4.031	4.785
4.033	4.78
4.036	4.78
4.039	4.785
4.042	4.76
4.044	4.76
4.047	4.77
4.05	4.79
4.053	4.785
4.056	4.795
4.058	4.785
4.061	4.78
4.064	4.775
4.067	4.795
4.069	4.795
4.072	4.78
4.075	4.745
4.078	4.73
4.081	4.75
4.083	4.79
4.086	4.81
4.089	4.82
4.092	4.83
4.094	4.825
4.097	4.775
4.1	4.675
4.103	4.625
4.106	4.595
4.108	4.59
4.111	4.605
4.114	4.595
4.117	4.58
4.119	4.525
4.122	4.48
4.125	4.43
4.128	4.41
4.131	4.39
4.133	4.36
4.136	4.295
4.139	4.245
4.142	4.205
4.144	4.2
4.147	4.205
4.15	4.24
4.153	4.255
4.156	4.27
4.158	4.285
4.161	4.35
4.164	4.455
4.167	4.535
4.169	4.59
4.172	4.635
4.175	4.665
4.178	4.715
4.181	4.765
4.183	4.795
4.186	4.82
4.189	4.825
4.192	4.82
4.194	4.82
4.197	4.83
4.2	4.845
4.203	4.84
4.206	4.835
4.208	4.835
4.211	4.855
4.214	4.875
4.217	4.875
4.219	4.87
4.222	4.84
4.225	4.82
4.228	4.845
4.231	4.89
4.233	4.905
4.236	4.91
4.239	4.9
4.242	4.88
4.244	4.87
4.247	4.865
4.25	4.875
4.253	4.88
4.256	4.87
4.258	4.875
4.261	4.875
4.264	4.885
4.267	4.89
4.269	4.9
4.272	4.895
4.275	4.89
4.278	4.915
4.281	4.92
4.283	4.93
4.286	4.935
4.289	4.94
4.292	4.925
4.294	4.91
4.297	4.905
4.3	4.93
4.303	4.94
4.306	4.945
4.308	4.935
4.311	4.925
4.314	4.94
4.317	4.96
4.319	4.975
4.322	4.96
4.325	4.955
4.328	4.975
4.331	4.975
4.333	4.99
4.336	4.96
4.339	4.95
4.342	4.935
4.344	4.96
4.347	5.005
4.35	5.02
4.353	5.015
4.356	4.995
4.358	4.985
4.361	5.015
4.364	5.05
4.367	5.075
4.369	5.075
4.372	5.02
4.375	5.005
4.378	5.015
4.381	5.025
4.383	5.05
4.386	5.045
4.389	5.03
4.392	5.005
4.394	4.99
4.397	4.995
4.4	5.025
4.403	5.015
4.406	4.975
4.408	4.995
4.411	5.02
4.414	5.02
4.417	5
4.419	4.965
4.422	4.955
4.425	4.945
4.428	4.935
4.431	4.95
4.433	4.95
4.436	4.925
4.439	4.885
4.442	4.88
4.444	4.92
4.447	4.955
4.45	4.97
4.453	4.94
4.456	4.915
4.458	4.9
4.461	4.935
4.464	4.95
4.467	4.96
4.469	4.96
4.472	4.93
4.475	4.895
4.478	4.9
4.481	4.92
4.483	4.925
4.486	4.905
4.489	4.93
4.492	4.92
4.494	4.91
4.497	4.905
4.5	4.91
4.503	4.905
4.506	4.9
4.508	4.915
4.511	4.925
4.514	4.945
4.517	4.97
4.519	4.95
4.522	4.92
4.525	4.89
4.528	4.885
4.531	4.895
4.533	4.91
4.536	4.91
4.539	4.905
4.542	4.89
4.544	4.895
4.547	4.9
4.55	4.895
4.553	4.885
4.556	4.88
4.558	4.875
4.561	4.88
4.564	4.875
4.567	4.87
4.569	4.86
4.572	4.845
4.575	4.83
4.578	4.85
4.581	4.89
4.583	4.87
4.586	4.84
4.589	4.815
4.592	4.825
4.594	4.81
4.597	4.79
4.6	4.77
4.603	4.78
4.606	4.775
4.608	4.745
4.611	4.71
4.614	4.775
4.617	4.86
4.619	4.87
4.622	4.82
4.625	4.82
4.628	4.845
4.631	4.875
4.633	4.89
4.636	4.875
4.639	4.84
4.642	4.835
4.644	4.885
4.647	4.925
4.65	4.92
4.653	4.895
4.656	4.88
4.658	4.88
4.661	4.89
4.664	4.895
4.667	4.89
4.669	4.885
4.672	4.875
4.675	4.855
4.678	4.87
4.681	4.9
4.683	4.895
4.686	4.9
4.689	4.88
4.692	4.865
4.694	4.86
4.697	4.885
4.7	4.895
4.703	4.89
4.706	4.875
4.708	4.875
4.711	4.875
4.714	4.89
4.717	4.89
4.719	4.895
4.722	4.875
4.725	4.865
4.728	4.87
4.731	4.885
4.733	4.91
4.736	4.9
4.739	4.865
4.742	4.855
4.744	4.855
4.747	4.86
4.75	4.89
4.753	4.895
4.756	4.895
4.758	4.85
4.761	4.865
4.764	4.855
4.767	4.86
4.769	4.85
4.772	4.87
4.775	4.885
4.778	4.895
4.781	4.87
4.783	4.835
4.786	4.82
4.789	4.85
4.792	4.915
4.794	5
4.797	5.015
4.8	4.975
4.803	4.975
4.806	4.98
4.808	4.975
4.811	4.97
4.814	4.96
4.817	4.975
4.819	5.01
4.822	5.03
4.825	5.025
4.828	5.04
4.831	5.055
4.833	5.075
4.836	5.085
4.839	5.075
4.842	5.085
4.844	5.105
4.847	5.115
4.85	5.12
4.853	5.105
4.856	5.12
4.858	5.125
4.861	5.13
4.864	5.13
4.867	5.125
4.869	5.09
4.872	5.04
4.875	4.99
4.878	4.955
4.881	4.915
4.883	4.87
4.886	4.84
4.889	4.835
4.892	4.845
4.894	4.88
4.897	4.9
4.9	4.875
4.903	4.84
4.906	4.805
4.908	4.79
4.911	4.82
4.914	4.855
4.917	4.87
4.919	4.855
4.922	4.81
4.925	4.755
4.928	4.73
4.931	4.73
4.933	4.76
4.936	4.82
4.939	4.865
4.942	4.85
4.944	4.825
4.947	4.835
4.95	4.815
4.953	4.795
4.956	4.84
4.958	4.89
4.961	4.915
4.964	4.89
4.967	4.865
4.969	4.865
4.972	4.85
4.975	4.82
4.978	4.81
4.981	4.84
4.983	4.855
4.986	4.86
4.989	4.82
4.992	4.735
4.994	4.69
4.997	4.72
5	4.76
5.003	4.74
5.006	4.72
5.008	4.695
5.011	4.655
5.014	4.61
5.017	4.56
5.019	4.53
5.022	4.545
5.025	4.53
5.028	4.51
5.031	4.49
5.033	4.445
5.036	4.415
5.039	4.39
5.042	4.385
5.044	4.37
5.047	4.34
5.05	4.28
5.053	4.215
5.056	4.175
5.058	4.165
5.061	4.22
5.064	4.295
5.067	4.36
5.069	4.39
5.072	4.42
5.075	4.485
5.078	4.555
5.081	4.62
5.083	4.67
5.086	4.715
5.089	4.805
5.092	4.885
5.094	4.905
5.097	4.91
5.1	4.925
5.103	4.925
5.106	4.925
5.108	4.895
5.111	4.905
5.114	4.915
5.117	4.945
5.119	4.93
5.122	4.905
5.125	4.885
5.128	4.89
5.131	4.915
5.133	4.93
5.136	4.94
5.139	4.955
5.142	4.97
5.144	4.97
5.147	4.945
5.15	4.905
5.153	4.86
5.156	4.885
5.158	4.935
5.161	5.005
5.164	5.045
5.167	5.055
5.169	5.02
5.172	4.995
5.175	4.98
5.178	4.955
5.181	4.98
5.183	4.975
5.186	4.985
5.189	4.99
5.192	4.99
5.194	4.995
5.197	5
5.2	5.01
5.203	5.01
5.206	5.01
5.208	4.99
5.211	5
5.214	5.025
5.217	5.05
5.219	5.06
5.222	5.06
5.225	5.06
5.228	5.045
5.231	5.04
5.233	5.045
5.236	5.05
5.239	5.055
5.242	5.055
5.244	5.055
5.247	5.05
5.25	5.05
5.253	5.045
5.256	5.085
5.258	5.105
5.261	5.09
5.264	5.065
5.267	5.075
5.269	5.095
5.272	5.105
5.275	5.1
5.278	5.115
5.281	5.125
5.283	5.11
5.286	5.11
5.289	5.11
5.292	5.11
5.294	5.105
5.297	5.11
5.3	5.11
5.303	5.08
5.306	5.055
5.308	5.04
5.311	5.03
5.314	5.03
5.317	5.065
5.319	5.085
5.322	5.08
5.325	5.045
5.328	5.02
5.331	5.03
5.333	5.045
5.336	5.05
5.339	5.035
5.342	5.005
5.344	4.99
5.347	4.995
5.35	4.995
5.353	4.985
5.356	4.96
5.358	4.95
5.361	4.96
5.364	4.96
5.367	4.955
5.369	4.965
5.372	4.95
5.375	4.94
5.378	4.94
5.381	4.945
5.383	4.94
5.386	4.935
5.389	4.925
5.392	4.915
5.394	4.91
5.397	4.905
5.4	4.915
5.403	4.92
5.406	4.91
5.408	4.91
5.411	4.905
5.414	4.895
5.417	4.895
5.419	4.865
5.422	4.87
5.425	4.865
5.428	4.875
5.431	4.87
5.433	4.87
5.436	4.88
5.439	4.905
5.442	4.91
5.444	4.9
5.447	4.89
5.45	4.895
5.453	4.895
5.456	4.875
5.458	4.85
5.461	4.86
5.464	4.865
5.467	4.875
5.469	4.875
5.472	4.855
5.475	4.835
5.478	4.835
5.481	4.83
5.483	4.835
5.486	4.82
5.489	4.81
5.492	4.805
5.494	4.805
5.497	4.815
5.5	4.815
5.503	4.805
5.506	4.78
5.508	4.77
5.511	4.77
5.514	4.79
5.517	4.795
5.519	4.795
5.522	4.785
5.525	4.75
5.528	4.75
5.531	4.75
5.533	4.775
5.536	4.775
5.539	4.77
5.542	4.755
5.544	4.745
5.547	4.755
5.55	4.765
5.553	4.76
5.556	4.76
5.558	4.765
5.561	4.775
5.564	4.755
5.567	4.715
5.569	4.71
5.572	4.755
5.575	4.79
5.578	4.8
5.581	4.79
5.583	4.76
5.586	4.75
5.589	4.75
5.592	4.75
5.594	4.75
5.597	4.75
5.6	4.755
5.603	4.745
5.606	4.75
5.608	4.74
5.611	4.76
5.614	4.775
5.617	4.78
5.619	4.79
5.622	4.785
5.625	4.76
5.628	4.75
5.631	4.77
5.633	4.78
5.636	4.77
5.639	4.75
5.642	4.73
5.644	4.735
5.647	4.76
5.65	4.77
5.653	4.77
5.656	4.77
5.658	4.76
5.661	4.765
5.664	4.78
5.667	4.765
5.669	4.76
5.672	4.745
5.675	4.76
5.678	4.765
5.681	4.755
5.683	4.745
5.686	4.74
5.689	4.75
5.692	4.765
5.694	4.77
5.697	4.77
5.7	4.76
5.703	4.755
5.706	4.745
5.708	4.745
5.711	4.765
5.714	4.77
5.717	4.775
5.719	4.775
5.722	4.755
5.725	4.75
5.728	4.78
5.731	4.815
5.733	4.82
5.736	4.8
5.739	4.78
5.742	4.79
5.744	4.83
5.747	4.86
5.75	4.86
5.753	4.845
5.756	4.835
5.758	4.83
5.761	4.825
5.764	4.85
5.767	4.88
5.769	4.945
5.772	4.97
5.775	4.965
5.778	4.965
5.781	4.98
5.783	5
5.786	4.995
5.789	4.985
5.792	4.995
5.794	4.995
5.797	5.005
5.8	5.02
5.803	5.015
5.806	4.985
5.808	4.945
5.811	4.92
5.814	4.91
5.817	4.885
5.819	4.84
5.822	4.78
5.825	4.73
5.828	4.71
5.831	4.715
5.833	4.735
5.836	4.74
5.839	4.735
5.842	4.725
5.844	4.74
5.847	4.75
5.85	4.755
5.853	4.735
5.856	4.725
5.858	4.72
5.861	4.75
5.864	4.75
5.867	4.75
5.869	4.75
5.872	4.745
5.875	4.735
5.878	4.72
5.881	4.73
5.883	4.76
5.886	4.755
5.889	4.74
5.892	4.725
5.894	4.715
5.897	4.73
5.9	4.755
5.903	4.765
5.906	4.76
5.908	4.74
5.911	4.73
5.914	4.755
5.917	4.775
5.919	4.765
5.922	4.73
5.925	4.675
5.928	4.675
5.931	4.705
5.933	4.735
5.936	4.73
5.939	4.725
5.942	4.695
5.944	4.655
5.947	4.575
5.95	4.51
5.953	4.48
5.956	4.48
5.958	4.47
5.961	4.465
5.964	4.44
5.967	4.4
5.969	4.36
5.972	4.3
5.975	4.26
5.978	4.28
5.981	4.27
5.983	4.22
5.986	4.175
5.989	4.135
5.992	4.12
5.994	4.16
5.997	4.225
6	4.265
6.003	4.28
6.006	4.315
6.008	4.375
6.011	4.455
6.014	4.5
6.017	4.555
6.019	4.6
6.022	4.675
6.025	4.72
6.028	4.765
6.031	4.775
6.033	4.785
6.036	4.79
6.039	4.785
6.042	4.78
6.044	4.805
6.047	4.825
6.05	4.835
6.053	4.835
6.056	4.81
6.058	4.795
6.061	4.805
6.064	4.835
6.067	4.845
6.069	4.84
6.072	4.82
6.075	4.805
6.078	4.82
6.081	4.815
6.083	4.835
6.086	4.855
6.089	4.845
6.092	4.84
6.094	4.84
6.097	4.845
6.1	4.84
6.103	4.83
6.106	4.82
6.108	4.81
6.111	4.835
6.114	4.87
6.117	4.9
6.119	4.895
6.122	4.875
6.125	4.855
6.128	4.87
6.131	4.88
6.133	4.895
6.136	4.895
6.139	4.905
6.142	4.895
6.144	4.9
6.147	4.905
6.15	4.92
6.153	4.92
6.156	4.92
6.158	4.915
6.161	4.915
6.164	4.915
6.167	4.93
6.169	4.925
6.172	4.93
6.175	4.915
6.178	4.93
6.181	4.96
6.183	4.985
6.186	4.995
6.189	4.975
6.192	4.965
6.194	4.98
6.197	4.98
6.2	4.99
6.203	4.985
6.206	4.97
6.208	4.965
6.211	4.97
6.214	4.995
6.217	5.02
6.219	5.01
6.222	5.01
6.225	4.98
6.228	4.99
6.231	4.99
6.233	5.01
6.236	4.99
6.239	5
6.242	4.97
6.244	4.975
6.247	4.985
6.25	4.985
6.253	4.965
6.256	4.945
6.258	4.955
6.261	4.98
6.264	4.985
6.267	4.97
6.269	4.945
6.272	4.92
6.275	4.915
6.278	4.92
6.281	4.93
6.283	4.93
6.286	4.905
6.289	4.905
6.292	4.875
6.294	4.885
6.297	4.875
6.3	4.875
6.303	4.87
6.306	4.865
6.308	4.855
6.311	4.87
6.314	4.89
6.317	4.89
6.319	4.87
6.322	4.86
6.325	4.84
6.328	4.86
6.331	4.855
6.333	4.855
6.336	4.825
6.339	4.805
6.342	4.82
6.344	4.865
6.347	4.895
6.35	4.89
6.353	4.86
6.356	4.835
6.358	4.81
6.361	4.815
6.364	4.84
6.367	4.86
6.369	4.875
6.372	4.87
6.375	4.84
6.378	4.84
6.381	4.835
6.383	4.845
6.386	4.84
6.389	4.84
6.392	4.825
6.394	4.815
6.397	4.835
6.4	4.845
6.403	4.845
6.406	4.825
6.408	4.805
6.411	4.81
6.414	4.83
6.417	4.845
6.419	4.825
6.422	4.81
6.425	4.795
6.428	4.815
6.431	4.82
6.433	4.84
6.436	4.81
6.439	4.8
6.442	4.79
6.444	4.815
6.447	4.81
6.45	4.815
6.453	4.805
6.456	4.775
6.458	4.775
6.461	4.78
6.464	4.79
6.467	4.8
6.469	4.79
6.472	4.775
6.475	4.77
6.478	4.77
6.481	4.775
6.483	4.775
6.486	4.775
6.489	4.75
6.492	4.735
6.494	4.745
6.497	4.77
6.5	4.785
6.503	4.795
6.506	4.775
6.508	4.755
6.511	4.74
6.514	4.735
6.517	4.745
6.519	4.75
6.522	4.755
6.525	4.765
6.528	4.77
6.531	4.775
6.533	4.79
6.536	4.775
6.539	4.76
6.542	4.755
6.544	4.77
6.547	4.77
6.55	4.77
6.553	4.755
6.556	4.745
6.558	4.735
6.561	4.745
6.564	4.77
6.567	4.795
6.569	4.8
6.572	4.795
6.575	4.78
6.578	4.78
6.581	4.785
6.583	4.79
6.586	4.79
6.589	4.805
6.592	4.79
6.594	4.79
6.597	4.795
6.6	4.8
6.603	4.8
6.606	4.79
6.608	4.785
6.611	4.8
6.614	4.795
6.617	4.82
6.619	4.81
6.622	4.805
6.625	4.795
6.628	4.8
6.631	4.81
6.633	4.815
6.636	4.82
6.639	4.81
6.642	4.805
6.644	4.815
6.647	4.82
6.65	4.83
6.653	4.84
6.656	4.82
6.658	4.805
6.661	4.805
6.664	4.815
6.667	4.83
6.669	4.815
6.672	4.815
6.675	4.805
6.678	4.805
6.681	4.81
6.683	4.83
6.686	4.825
6.689	4.81
6.692	4.805
6.694	4.815
6.697	4.825
6.7	4.82
6.703	4.815
6.706	4.83
6.708	4.805
6.711	4.8
6.714	4.82
6.717	4.875
6.719	4.9
6.722	4.91
6.725	4.9
6.728	4.9
6.731	4.91
6.733	4.93
6.736	4.92
6.739	4.95
6.742	4.955
6.744	4.99
6.747	5
6.75	5.01
6.753	5.035
6.756	5.025
6.758	5.025
6.761	5.02
6.764	5.025
6.767	5.035
6.769	5.045
6.772	5.05
6.775	5.06
6.778	5.06
6.781	5.075
6.783	5.05
6.786	5.015
6.789	4.96
6.792	4.92
6.794	4.905
6.797	4.87
6.8	4.84
6.803	4.8
6.806	4.785
6.808	4.77
6.811	4.775
6.814	4.79
6.817	4.78
6.819	4.78
6.822	4.76
6.825	4.76
6.828	4.74
6.831	4.76
6.833	4.8
6.836	4.82
6.839	4.805
6.842	4.79
6.844	4.775
6.847	4.77
6.85	4.79
6.853	4.78
6.856	4.76
6.858	4.77
6.861	4.77
6.864	4.775
6.867	4.775
6.869	4.77
6.872	4.76
6.875	4.755
6.878	4.765
6.881	4.78
6.883	4.785
6.886	4.78
6.889	4.78
6.892	4.785
6.894	4.77
6.897	4.77
6.9	4.765
6.903	4.77
6.906	4.77
6.908	4.745
6.911	4.73
6.914	4.745
6.917	4.74
6.919	4.72
6.922	4.7
6.925	4.695
6.928	4.705
6.931	4.705
6.933	4.73
6.936	4.735
6.939	4.685
6.942	4.59
6.944	4.535
6.947	4.51
6.95	4.535
6.953	4.545
6.956	4.515
6.958	4.485
6.961	4.455
6.964	4.42
6.967	4.395
6.969	4.36
6.972	4.33
6.975	4.325
6.978	4.32
6.981	4.27
6.983	4.21
6.986	4.165
6.989	4.155
6.992	4.145
6.994	4.17
6.997	4.21
7	4.25
7.003	4.28
7.006	4.31
7.008	4.345
7.011	4.425
7.014	4.505
7.017	4.565
7.019	4.61
7.022	4.635
7.025	4.68
7.028	4.76
7.031	4.785
7.033	4.805
7.036	4.825
7.039	4.835
7.042	4.835
7.044	4.835
7.047	4.845
7.05	4.855
7.053	4.875
7.056	4.865
7.058	4.86
7.061	4.86
7.064	4.88
7.067	4.895
7.069	4.875
7.072	4.87
7.075	4.85
7.078	4.85
7.081	4.87
7.083	4.88
7.086	4.9
7.089	4.875
7.092	4.87
7.094	4.88
7.097	4.89
7.1	4.9
7.103	4.9
7.106	4.9
7.108	4.885
7.111	4.905
7.114	4.905
7.117	4.905
7.119	4.92
7.122	4.905
7.125	4.9
7.128	4.905
7.131	4.895
7.133	4.905
7.136	4.905
7.139	4.9
7.142	4.89
7.144	4.91
7.147	4.925
7.15	4.92
7.153	4.92
7.156	4.935
7.158	4.94
7.161	4.95
7.164	4.94
7.167	4.93
7.169	4.935
7.172	4.945
7.175	4.925
7.178	4.95
7.181	4.955
7.183	4.98
7.186	4.99
7.189	4.99
7.192	4.99
7.194	4.985
7.197	4.99
7.2	4.985
7.203	4.995
7.206	5
7.208	5.005
7.211	5.005
7.214	4.99
7.217	5.005
7.219	5.005
7.222	5.01
7.225	5.005
7.228	5.035
7.231	5.05
7.233	5.04
7.236	5.04
7.239	5.015
7.242	5.005
7.244	5.005
7.247	5.005
7.25	5
7.253	5
7.256	5
7.258	4.995
7.261	4.99
7.264	4.99
7.267	4.985
7.269	4.98
7.272	4.965
7.275	4.965
7.278	4.975
7.281	4.975
7.283	4.965
7.286	4.93
7.289	4.915
7.292	4.9
7.294	4.91
7.297	4.905
7.3	4.89
7.303	4.88
7.306	4.875
7.308	4.88
7.311	4.87
7.314	4.865
7.317	4.89
7.319	4.885
7.322	4.87
7.325	4.84
7.328	4.85
7.331	4.855
7.333	4.855
7.336	4.835
7.339	4.845
7.342	4.84
7.344	4.865
7.347	4.86
7.35	4.85
7.353	4.845
7.356	4.83
7.358	4.83
7.361	4.815
7.364	4.805
7.367	4.815
7.369	4.82
7.372	4.82
7.375	4.82
7.378	4.82
7.381	4.84
7.383	4.84
7.386	4.84
7.389	4.82
7.392	4.81
7.394	4.815
7.397	4.82
7.4	4.83
7.403	4.81
7.406	4.775
7.408	4.765
7.411	4.785
7.414	4.805
7.417	4.8
7.419	4.795
7.422	4.78
7.425	4.775
7.428	4.755
7.431	4.765
7.433	4.8
7.436	4.8
7.439	4.78
7.442	4.765
7.444	4.77
7.447	4.79
7.45	4.81
7.453	4.805
7.456	4.785
7.458	4.755
7.461	4.75
7.464	4.765
7.467	4.775
7.469	4.775
7.472	4.74
7.475	4.715
7.478	4.725
7.481	4.73
7.483	4.74
7.486	4.735
7.489	4.73
7.492	4.71
7.494	4.72
7.497	4.72
7.5	4.71
7.503	4.715
7.506	4.725
7.508	4.72
7.511	4.735
7.514	4.73
7.517	4.73
7.519	4.725
7.522	4.71
7.525	4.71
7.528	4.715
7.531	4.74
7.533	4.735
7.536	4.715
7.539	4.71
7.542	4.705
7.544	4.72
7.547	4.725
7.55	4.72
7.553	4.725
7.556	4.725
7.558	4.71
7.561	4.71
7.564	4.72
7.567	4.735
7.569	4.745
7.572	4.745
7.575	4.73
7.578	4.72
7.581	4.735
7.583	4.74
7.586	4.745
7.589	4.73
7.592	4.72
7.594	4.745
7.597	4.75
7.6	4.74
7.603	4.72
7.606	4.72
7.608	4.745
7.611	4.775
7.614	4.79
7.617	4.79
7.619	4.76
7.622	4.73
7.625	4.715
7.628	4.745
7.631	4.77
7.633	4.775
7.636	4.76
7.639	4.765
7.642	4.755
7.644	4.77
7.647	4.785
7.65	4.77
7.653	4.76
7.656	4.76
7.658	4.75
7.661	4.765
7.664	4.78
7.667	4.775
7.669	4.78
7.672	4.77
7.675	4.755
7.678	4.74
7.681	4.75
7.683	4.77
7.686	4.795
7.689	4.79
7.692	4.77
7.694	4.76
7.697	4.77
7.7	4.77
7.703	4.795
7.706	4.81
7.708	4.785
7.711	4.775
7.714	4.77
7.717	4.775
7.719	4.765
7.722	4.77
7.725	4.76
7.728	4.765
7.731	4.775
7.733	4.78
7.736	4.785
7.739	4.775
7.742	4.755
7.744	4.73
7.747	4.74
7.75	4.78
7.753	4.84
7.756	4.86
7.758	4.84
7.761	4.84
7.764	4.845
7.767	4.86
7.769	4.86
7.772	4.85
7.775	4.835
7.778	4.875
7.781	4.89
7.783	4.915
7.786	4.925
7.789	4.935
7.792	4.94
7.794	4.98
7.797	4.99
7.8	5.015
7.803	4.99
7.806	4.97
7.808	4.975
7.811	5
7.814	5.015
7.817	5.05
7.819	5.04
7.822	5.035
7.825	4.985
7.828	4.91
7.831	4.87
7.833	4.86
7.836	4.835
7.839	4.805
7.842	4.76
7.844	4.745
7.847	4.735
7.85	4.755
7.853	4.75
7.856	4.75
7.858	4.725
7.861	4.735
7.864	4.75
7.867	4.745
7.869	4.73
7.872	4.725
7.875	4.72
7.878	4.73
7.881	4.735
7.883	4.735
7.886	4.74
7.889	4.72
7.892	4.72
7.894	4.735
7.897	4.745
7.9	4.76
7.903	4.745
7.906	4.73
7.908	4.73
7.911	4.715
7.914	4.72
7.917	4.73
7.919	4.755
7.922	4.735
7.925	4.725
7.928	4.72
7.931	4.725
7.933	4.73
7.936	4.735
7.939	4.735
7.942	4.72
7.944	4.735
7.947	4.745
7.95	4.735
7.953	4.715
7.956	4.67
7.958	4.68
7.961	4.705
7.964	4.725
7.967	4.745
7.969	4.74
7.972	4.725
7.975	4.655
7.978	4.58
7.981	4.52
7.983	4.5
7.986	4.48
7.989	4.465
7.992	4.47
7.994	4.47
7.997	4.44
8	4.385
8.003	4.34
8.006	4.3
8.008	4.265
8.011	4.265
8.014	4.23
8.017	4.185
8.019	4.135
8.022	4.105
8.025	4.1
8.028	4.105
8.031	4.135
8.033	4.19
8.036	4.235
8.039	4.24
8.042	4.285
8.044	4.38
8.047	4.465
8.05	4.535
8.053	4.575
8.056	4.595
8.058	4.615
8.061	4.67
8.064	4.73
8.067	4.785
8.069	4.805
8.072	4.81
8.075	4.8
8.078	4.81
8.081	4.82
8.083	4.835
8.086	4.835
8.089	4.835
8.092	4.815
8.094	4.83
8.097	4.84
8.1	4.84
8.103	4.845
8.106	4.84
8.108	4.82
8.111	4.83
8.114	4.845
8.117	4.86
8.119	4.855
8.122	4.85
8.125	4.84
8.128	4.835
8.131	4.835
8.133	4.845
8.136	4.87
8.139	4.87
8.142	4.86
8.144	4.84
8.147	4.855
8.15	4.87
8.153	4.86
8.156	4.865
8.158	4.865
8.161	4.86
8.164	4.875
8.167	4.875
8.169	4.88
8.172	4.89
8.175	4.885
8.178	4.895
8.181	4.895
8.183	4.92
8.186	4.91
8.189	4.895
8.192	4.885
8.194	4.89
8.197	4.895
8.2	4.92
8.203	4.94
8.206	4.935
8.208	4.935
8.211	4.93
8.214	4.92
8.217	4.935
8.219	4.95
8.222	4.96
8.225	4.95
8.228	4.95
8.231	4.965
8.233	4.965
8.236	4.97
8.239	4.97
8.242	4.955
8.244	4.96
8.247	4.97
8.25	4.97
8.253	4.97
8.256	4.97
8.258	4.975
8.261	4.985
8.264	4.975
8.267	4.97
8.269	4.975
8.272	4.97
8.275	4.955
8.278	4.97
8.281	4.99
8.283	5
8.286	4.99
8.289	4.985
8.292	4.975
8.294	4.975
8.297	4.97
8.3	4.965
8.303	4.955
8.306	4.945
8.308	4.92
8.311	4.905
8.314	4.9
8.317	4.915
8.319	4.91
8.322	4.9
8.325	4.89
8.328	4.885
8.331	4.875
8.333	4.885
8.336	4.87
8.339	4.85
8.342	4.85
8.344	4.84
8.347	4.855
8.35	4.865
8.353	4.865
8.356	4.835
8.358	4.83
8.361	4.84
8.364	4.845
8.367	4.85
8.369	4.845
8.372	4.855
8.375	4.845
8.378	4.835
8.381	4.845
8.383	4.855
8.386	4.84
8.389	4.83
8.392	4.825
8.394	4.835
8.397	4.855
8.4	4.85
8.403	4.84
8.406	4.825
8.408	4.815
8.411	4.82
8.414	4.84
8.417	4.835
8.419	4.835
8.422	4.815
8.425	4.805
8.428	4.805
8.431	4.825
8.433	4.825
8.436	4.825
8.439	4.82
8.442	4.81
8.444	4.8
8.447	4.815
8.45	4.82
8.453	4.815
8.456	4.815
8.458	4.79
8.461	4.785
8.464	4.785
8.467	4.805
8.469	4.805
8.472	4.79
8.475	4.765
8.478	4.785
8.481	4.795
8.483	4.795
8.486	4.795
8.489	4.79
8.492	4.765
8.494	4.76
8.497	4.77
8.5	4.77
8.503	4.775
8.506	4.765
8.508	4.74
8.511	4.745
8.514	4.75
8.517	4.755
8.519	4.75
8.522	4.735
8.525	4.715
8.528	4.72
8.531	4.725
8.533	4.75
8.536	4.75
8.539	4.73
8.542	4.71
8.544	4.72
8.547	4.715
8.55	4.735
8.553	4.755
8.556	4.745
8.558	4.725
8.561	4.715
8.564	4.72
8.567	4.74
8.569	4.755
8.572	4.755
8.575	4.735
8.578	4.725
8.581	4.72
8.583	4.735
8.586	4.745
8.589	4.73
8.592	4.74
8.594	4.765
8.597	4.78
8.6	4.76
8.603	4.74
8.606	4.73
8.608	4.74
8.611	4.755
8.614	4.755
8.617	4.765
8.619	4.765
8.622	4.75
8.625	4.745
8.628	4.735
8.631	4.745
8.633	4.745
8.636	4.745
8.639	4.775
8.642	4.775
8.644	4.77
8.647	4.77
8.65	4.77
8.653	4.765
8.656	4.775
8.658	4.765
8.661	4.77
8.664	4.765
8.667	4.765
8.669	4.75
8.672	4.76
8.675	4.755
8.678	4.76
8.681	4.77
8.683	4.775
8.686	4.76
8.689	4.765
8.692	4.745
8.694	4.76
8.697	4.765
8.7	4.76
8.703	4.755
8.706	4.76
8.708	4.755
8.711	4.76
8.714	4.77
8.717	4.78
8.719	4.785
8.722	4.785
8.725	4.77
8.728	4.79
8.731	4.81
8.733	4.8
8.736	4.81
8.739	4.815
8.742	4.8
8.744	4.81
8.747	4.835
8.75	4.845
8.753	4.855
8.756	4.9
8.758	4.93
8.761	4.95
8.764	4.935
8.767	4.945
8.769	4.965
8.772	4.97
8.775	4.965
8.778	4.965
8.781	4.975
8.783	5
8.786	5.02
8.789	5.01
8.792	4.98
8.794	4.97
8.797	4.935
8.8	4.91
8.803	4.875
8.806	4.835
8.808	4.795
8.811	4.75
8.814	4.725
8.817	4.72
8.819	4.7
8.822	4.71
8.825	4.705
8.828	4.695
8.831	4.715
8.833	4.715
8.836	4.715
8.839	4.705
8.842	4.695
8.844	4.68
8.847	4.68
8.85	4.71
8.853	4.725
8.856	4.715
8.858	4.69
8.861	4.69
8.864	4.695
8.867	4.715
8.869	4.7
8.872	4.71
8.875	4.715
8.878	4.72
8.881	4.72
8.883	4.72
8.886	4.7
8.889	4.69
8.892	4.68
8.894	4.69
8.897	4.7
8.9	4.695
8.903	4.71
8.906	4.72
8.908	4.7
8.911	4.705
8.914	4.705
8.917	4.71
8.919	4.695
8.922	4.675
8.925	4.645
8.928	4.66
8.931	4.7
8.933	4.74
8.936	4.73
8.939	4.71
8.942	4.715
8.944	4.685
8.947	4.615
8.95	4.515
8.953	4.47
8.956	4.455
8.958	4.455
8.961	4.44
8.964	4.43
8.967	4.425
8.969	4.38
8.972	4.325
8.975	4.275
8.978	4.235
8.981	4.22
8.983	4.205
8.986	4.155
8.989	4.1
8.992	4.05
8.994	4.055
8.997	4.075
9	4.115
9.003	4.165
9.006	4.195
9.008	4.205
9.011	4.245
9.014	4.33
9.017	4.425
9.019	4.49
9.022	4.52
9.025	4.545
9.028	4.605
9.031	4.68
9.033	4.725
9.036	4.74
9.039	4.735
9.042	4.735
9.044	4.745
9.047	4.76
9.05	4.78
9.053	4.79
9.056	4.78
9.058	4.77
9.061	4.77
9.064	4.79
9.067	4.795
9.069	4.79
9.072	4.785
9.075	4.785
9.078	4.795
9.081	4.815
9.083	4.825
9.086	4.825
9.089	4.815
9.092	4.8
9.094	4.8
9.097	4.79
9.1	4.81
9.103	4.815
9.106	4.825
9.108	4.81
9.111	4.82
9.114	4.82
9.117	4.83
9.119	4.84
9.122	4.835
9.125	4.83
9.128	4.84
9.131	4.855
9.133	4.87
9.136	4.86
9.139	4.85
9.142	4.84
9.144	4.86
9.147	4.865
9.15	4.85
9.153	4.855
9.156	4.865
9.158	4.875
9.161	4.885
9.164	4.88
9.167	4.89
9.169	4.91
9.172	4.91
9.175	4.9
9.178	4.895
9.181	4.905
9.183	4.915
9.186	4.915
9.189	4.915
9.192	4.91
9.194	4.92
9.197	4.91
9.2	4.93
9.203	4.93
9.206	4.93
9.208	4.92
9.211	4.91
9.214	4.905
9.217	4.945
9.219	4.965
9.222	4.955
9.225	4.935
9.228	4.94
9.231	4.955
9.233	4.97
9.236	4.97
9.239	4.955
9.242	4.94
9.244	4.93
9.247	4.94
9.25	4.935
9.253	4.91
9.256	4.9
9.258	4.885
9.261	4.885
9.264	4.89
9.267	4.895
9.269	4.88
9.272	4.865
9.275	4.855
9.278	4.845
9.281	4.855
9.283	4.85
9.286	4.835
9.289	4.825
9.292	4.81
9.294	4.815
9.297	4.82
9.3	4.815
9.303	4.815
9.306	4.795
9.308	4.755
9.311	4.775
9.314	4.79
9.317	4.805
9.319	4.785
9.322	4.8
9.325	4.77
9.328	4.785
9.331	4.78
9.333	4.79
9.336	4.78
9.339	4.77
9.342	4.765
9.344	4.745
9.347	4.76
9.35	4.785
9.353	4.785
9.356	4.78
9.358	4.76
9.361	4.765
9.364	4.76
9.367	4.775
9.369	4.77
9.372	4.77
9.375	4.755
9.378	4.765
9.381	4.76
9.383	4.775
9.386	4.765
9.389	4.765
9.392	4.755
9.394	4.745
9.397	4.755
9.4	4.77
9.403	4.76
9.406	4.775
9.408	4.75
9.411	4.755
9.414	4.77
9.417	4.78
9.419	4.77
9.422	4.75
9.425	4.735
9.428	4.73
9.431	4.745
9.433	4.755
9.436	4.745
9.439	4.725
9.442	4.715
9.444	4.71
9.447	4.715
9.45	4.72
9.453	4.72
9.456	4.715
9.458	4.695
9.461	4.71
9.464	4.715
9.467	4.735
9.469	4.725
9.472	4.715
9.475	4.71
9.478	4.7
9.481	4.71
9.483	4.71
9.486	4.715
9.489	4.72
9.492	4.71
9.494	4.7
9.497	4.705
9.5	4.705
9.503	4.69
9.506	4.695
9.508	4.69
9.511	4.685
9.514	4.695
9.517	4.705
9.519	4.71
9.522	4.725
9.525	4.71
9.528	4.69
9.531	4.67
9.533	4.7
9.536	4.695
9.539	4.7
9.542	4.685
9.544	4.7
9.547	4.695
9.55	4.7
9.553	4.69
9.556	4.695
9.558	4.695
9.561	4.72
9.564	4.725
9.567	4.715
9.569	4.71
9.572	4.72
9.575	4.725
9.578	4.74
9.581	4.75
9.583	4.745
9.586	4.735
9.589	4.715
9.592	4.71
9.594	4.71
9.597	4.715
9.6	4.73
9.603	4.725
9.606	4.71
9.608	4.7
9.611	4.73
9.614	4.735
9.617	4.74
9.619	4.745
9.622	4.74
9.625	4.725
9.628	4.73
9.631	4.735
9.633	4.73
9.636	4.72
9.639	4.705
9.642	4.72
9.644	4.71
9.647	4.725
9.65	4.72
9.653	4.725
9.656	4.715
9.658	4.725
9.661	4.75
9.664	4.755
9.667	4.76
9.669	4.75
9.672	4.735
9.675	4.725
9.678	4.73
9.681	4.745
9.683	4.755
9.686	4.745
9.689	4.725
9.692	4.73
9.694	4.735
9.697	4.745
9.7	4.755
9.703	4.76
9.706	4.75
9.708	4.74
9.711	4.76
9.714	4.8
9.717	4.83
9.719	4.835
9.722	4.81
9.725	4.81
9.728	4.835
9.731	4.86
9.733	4.88
9.736	4.9
9.739	4.91
9.742	4.915
9.744	4.91
9.747	4.935
9.75	4.97
9.753	4.985
9.756	4.98
9.758	4.96
9.761	4.95
9.764	4.975
9.767	4.99
9.769	4.995
9.772	5
9.775	4.99
9.778	4.98
9.781	4.94
9.783	4.89
9.786	4.85
9.789	4.81
9.792	4.765
9.794	4.71
9.797	4.695
9.8	4.7
9.803	4.71
9.806	4.71
9.808	4.71
9.811	4.715
9.814	4.725
9.817	4.72
9.819	4.72
9.822	4.7
9.825	4.705
9.828	4.705
9.831	4.7
9.833	4.69
9.836	4.68
9.839	4.69
9.842	4.7
9.844	4.705
9.847	4.72
9.85	4.715
9.853	4.71
9.856	4.705
9.858	4.705
9.861	4.71
9.864	4.72
9.867	4.725
9.869	4.715
9.872	4.71
9.875	4.7
9.878	4.705
9.881	4.71
9.883	4.71
9.886	4.72
9.889	4.715
9.892	4.695
9.894	4.715
9.897	4.73
9.9	4.735
9.903	4.73
9.906	4.705
9.908	4.685
9.911	4.69
9.914	4.735
9.917	4.76
9.919	4.755
9.922	4.745
9.925	4.735
9.928	4.7
9.931	4.615
9.933	4.55
9.936	4.5
9.939	4.5
9.942	4.485
9.944	4.485
9.947	4.475
9.95	4.44
9.953	4.395
9.956	4.355
9.958	4.335
9.961	4.3
9.964	4.295
9.967	4.26
9.969	4.225
9.972	4.19
9.975	4.16
9.978	4.14
9.981	4.135
9.983	4.135
9.986	4.18
9.989	4.225
9.992	4.24
9.994	4.27
9.997	4.34
10	4.43
10.003	4.495
10.006	4.52
10.008	4.545
10.011	4.58
10.014	4.635
10.017	4.685
10.019	4.75
10.022	4.785
10.025	4.785
10.028	4.8
10.031	4.815
10.033	4.815
10.036	4.815
10.039	4.8
10.042	4.79
10.044	4.78
10.047	4.805
10.05	4.83
10.053	4.845
10.056	4.84
10.058	4.825
10.061	4.825
10.064	4.835
10.067	4.85
10.069	4.855
10.072	4.86
10.075	4.845
10.078	4.855
10.081	4.85
10.083	4.845
10.086	4.845
10.089	4.85
10.092	4.85
10.094	4.86
10.097	4.855
10.1	4.865
10.103	4.87
10.106	4.855
10.108	4.85
10.111	4.86
10.114	4.875
10.117	4.865
10.119	4.86
10.122	4.87
10.125	4.87
10.128	4.895
10.131	4.905
10.133	4.905
10.136	4.9
10.139	4.895
10.142	4.9
10.144	4.925
10.147	4.91
10.15	4.91
10.153	4.91
10.156	4.915
10.158	4.91
10.161	4.915
10.164	4.935
10.167	4.94
10.169	4.95
10.172	4.945
10.175	4.94
10.178	4.945
10.181	4.96
10.183	4.965
10.186	4.965
10.189	4.96
10.192	4.965
10.194	4.965
10.197	4.97
10.2	4.975
10.203	4.975
10.206	4.965
10.208	4.955
10.211	4.95
10.214	4.98
10.217	4.99
10.219	4.985
10.222	4.97
10.225	4.955
10.228	4.965
10.231	4.96
10.233	4.95
10.236	4.945
10.239	4.935
10.242	4.92
10.244	4.93
10.247	4.92
10.25	4.92
10.253	4.915
10.256	4.91
10.258	4.895
10.261	4.895
10.264	4.895
10.267	4.905
10.269	4.89
10.272	4.885
10.275	4.87
10.278	4.87
10.281	4.875
10.283	4.875
10.286	4.865
10.289	4.855
10.292	4.84
10.294	4.85
10.297	4.855
10.3	4.87
10.303	4.87
10.306	4.855
10.308	4.84
10.311	4.845
10.314	4.855
10.317	4.86
10.319	4.845
10.322	4.835
10.325	4.83
10.328	4.84
10.331	4.86
10.333	4.865
10.336	4.855
10.339	4.855
10.342	4.85
10.344	4.84
10.347	4.85
10.35	4.865
10.353	4.855
10.356	4.84
10.358	4.835
10.361	4.83
10.364	4.835
10.367	4.845
10.369	4.845
10.372	4.845
10.375	4.84
10.378	4.85
10.381	4.85
10.383	4.85
10.386	4.845
10.389	4.82
10.392	4.83
10.394	4.825
10.397	4.84
10.4	4.84
10.403	4.82
10.406	4.8
10.408	4.8
10.411	4.81
10.414	4.825
10.417	4.82
10.419	4.81
10.422	4.815
10.425	4.8
10.428	4.8
10.431	4.79
10.433	4.795
10.436	4.795
10.439	4.8
10.442	4.775
10.444	4.795
10.447	4.805
10.45	4.81
10.453	4.805
10.456	4.78
10.458	4.785
10.461	4.785
10.464	4.795
10.467	4.795
10.469	4.78
10.472	4.78
10.475	4.77
10.478	4.77
10.481	4.79
10.483	4.8
10.486	4.815
10.489	4.79
10.492	4.78
10.494	4.8
10.497	4.815
10.5	4.82
10.503	4.81
10.506	4.795
10.508	4.795
10.511	4.79
10.514	4.81
10.517	4.825
10.519	4.815
10.522	4.8
10.525	4.775
10.528	4.81
10.531	4.805
10.533	4.805
10.536	4.81
10.539	4.815
10.542	4.805
10.544	4.81
10.547	4.82
10.55	4.825
10.553	4.815
10.556	4.82
10.558	4.8
10.561	4.805
10.564	4.81
10.567	4.825
10.569	4.82
10.572	4.8
10.575	4.8
10.578	4.795
10.581	4.815
10.583	4.83
10.586	4.84
10.589	4.825
10.592	4.81
10.594	4.815
10.597	4.835
10.6	4.84
10.603	4.84
10.606	4.825
10.608	4.81
10.611	4.835
10.614	4.835
10.617	4.855
10.619	4.845
10.622	4.84
10.625	4.835
10.628	4.835
10.631	4.85
10.633	4.86
10.636	4.855
10.639	4.86
10.642	4.865
10.644	4.865
10.647	4.905
10.65	4.91
10.653	4.905
10.656	4.9
10.658	4.9
10.661	4.915
10.664	4.93
10.667	4.95
10.669	4.98
10.672	4.99
10.675	5
10.678	5.02
10.681	5.04
10.683	5.055
10.686	5.06
10.689	5.06
10.692	5.05
10.694	5.06
10.697	5.085
10.7	5.11
10.703	5.085
10.706	5.085
10.708	5.055
10.711	5.01
10.714	4.98
10.717	4.94
10.719	4.92
10.722	4.865
10.725	4.82
10.728	4.805
10.731	4.805
10.733	4.82
10.736	4.815
10.739	4.805
10.742	4.81
10.744	4.815
10.747	4.83
10.75	4.82
10.753	4.805
10.756	4.8
10.758	4.8
10.761	4.8
10.764	4.815
10.767	4.805
10.769	4.8
10.772	4.8
10.775	4.805
10.778	4.815
10.781	4.83
10.783	4.84
10.786	4.82
10.789	4.8
10.792	4.81
10.794	4.825
10.797	4.825
10.8	4.83
10.803	4.82
10.806	4.81
10.808	4.8
10.811	4.815
10.814	4.825
10.817	4.825
10.819	4.81
10.822	4.81
10.825	4.8
10.828	4.825
10.831	4.835
10.833	4.825
10.836	4.8
10.839	4.79
10.842	4.805
10.844	4.84
10.847	4.85
10.85	4.865
10.853	4.85
10.856	4.77
10.858	4.69
10.861	4.625
10.864	4.61
10.867	4.605
10.869	4.605
10.872	4.59
10.875	4.54
10.878	4.5
10.881	4.465
10.883	4.445
10.886	4.4
10.889	4.355
10.892	4.29
10.894	4.27
10.897	4.24
10.9	4.245
10.903	4.235
10.906	4.255
10.908	4.28
10.911	4.335
10.914	4.36
10.917	4.415
10.919	4.49
10.922	4.585
10.925	4.62
10.928	4.675
10.931	4.72
10.933	4.77
10.936	4.82
10.939	4.865
10.942	4.865
10.944	4.895
10.947	4.905
10.95	4.905
10.953	4.915
10.956	4.9
10.958	4.89
10.961	4.91
10.964	4.92
10.967	4.94
10.969	4.94
10.972	4.92
10.975	4.915
10.978	4.925
10.981	4.93
10.983	4.945
10.986	4.945
10.989	4.95
10.992	4.94
10.994	4.95
10.997	4.96
11	4.95
11.003	4.955
11.006	4.955
11.008	4.94
11.011	4.94
11.014	4.935
11.017	4.96
11.019	4.96
11.022	4.965
11.025	4.95
11.028	4.955
11.031	4.96
11.033	4.98
11.036	4.98
11.039	4.98
11.042	4.975
11.044	4.995
11.047	5.01
11.05	5.005
11.053	5.015
11.056	4.995
11.058	4.995
11.061	5.005
11.064	5.025
11.067	5.04
11.069	5.035
11.072	5.025
11.075	5.035
11.078	5.045
11.081	5.065
11.083	5.07
11.086	5.07
11.089	5.05
11.092	5.045
11.094	5.075
11.097	5.08
11.1	5.075
11.103	5.07
11.106	5.075
11.108	5.085
11.111	5.09
11.114	5.11
11.117	5.11
11.119	5.105
11.122	5.09
11.125	5.065
11.128	5.065
11.131	5.08
11.133	5.085
11.136	5.07
11.139	5.06
11.142	5.035
11.144	5.035
11.147	5.055
11.15	5.045
11.153	5.04
11.156	5.025
11.158	5.005
11.161	4.99
11.164	4.99
11.167	4.99
11.169	4.97
11.172	4.965
11.175	4.925
11.178	4.95
11.181	4.955
11.183	4.965
11.186	4.96
11.189	4.945
11.192	4.94
11.194	4.94
11.197	4.935
11.2	4.94
11.203	4.93
11.206	4.93
11.208	4.95
11.211	4.93
11.214	4.93
11.217	4.93
11.219	4.93
11.222	4.915
11.225	4.915
11.228	4.915
11.231	4.925
11.233	4.935
11.236	4.94
11.239	4.93
11.242	4.91
11.244	4.905
11.247	4.92
11.25	4.925
11.253	4.91
11.256	4.91
11.258	4.88
11.261	4.9
11.264	4.91
11.267	4.905
11.269	4.91
11.272	4.895
11.275	4.87
11.278	4.89
11.281	4.895
11.283	4.9
11.286	4.895
11.289	4.89
11.292	4.87
11.294	4.875
11.297	4.88
11.3	4.88
11.303	4.875
11.306	4.87
11.308	4.87
11.311	4.885
11.314	4.9
11.317	4.875
11.319	4.85
11.322	4.85
11.325	4.855
11.328	4.865
11.331	4.875
11.333	4.87
11.336	4.85
11.339	4.815
11.342	4.765
11.344	4.73
11.347	4.705
11.35	4.695
11.353	4.67
11.356	4.66
11.358	4.665
11.361	4.695
11.364	4.73
11.367	4.765
11.369	4.83
11.372	4.895
11.375	4.935
11.378	4.995
11.381	5.055
11.383	5.11
11.386	5.155
11.389	5.185
11.392	5.25
11.394	5.34
11.397	5.375
11.4	5.31
11.403	5.25
11.406	5.265
11.408	5.33
11.411	5.365
11.414	5.325
11.417	5.24
11.419	5.155
11.422	5.09
11.425	4.975
11.428	4.81
11.431	4.64
11.433	4.54
11.436	4.53
11.439	4.595
11.442	4.7
11.444	4.795
11.447	4.835
11.45	4.83
11.453	4.825
11.456	4.805
11.458	4.785
11.461	4.775
11.464	4.795
11.467	4.8
11.469	4.805
11.472	4.79
11.475	4.775
11.478	4.795
11.481	4.79
11.483	4.79
11.486	4.775
11.489	4.785
11.492	4.775
11.494	4.78
11.497	4.79
11.5	4.795
11.503	4.795
11.506	4.775
11.508	4.76
11.511	4.77
11.514	4.78
11.517	4.78
11.519	4.775
11.522	4.755
11.525	4.755
11.528	4.74
11.531	4.755
11.533	4.765
11.536	4.76
11.539	4.75
11.542	4.755
11.544	4.75
11.547	4.775
11.55	4.76
11.553	4.76
11.556	4.76
11.558	4.77
11.561	4.77
11.564	4.785
11.567	4.805
11.569	4.82
11.572	4.815
11.575	4.805
11.578	4.815
11.581	4.835
11.583	4.84
11.586	4.845
11.589	4.845
11.592	4.88
11.594	4.905
11.597	4.935
11.6	4.93
11.603	4.935
11.606	4.94
11.608	4.95
11.611	4.95
11.614	4.945
11.617	4.955
11.619	4.96
11.622	4.965
11.625	4.985
11.628	5
11.631	5
11.633	4.96
11.636	4.91
11.639	4.86
11.642	4.82
11.644	4.81
11.647	4.775
11.65	4.745
11.653	4.7
11.656	4.675
11.658	4.665
11.661	4.695
11.664	4.7
11.667	4.715
11.669	4.705
11.672	4.7
11.675	4.7
11.678	4.695
11.681	4.71
11.683	4.725
11.686	4.725
11.689	4.72
11.692	4.715
11.694	4.725
11.697	4.735
11.7	4.74
11.703	4.74
11.706	4.745
11.708	4.755
11.711	4.755
11.714	4.78
11.717	4.785
11.719	4.785
11.722	4.775
11.725	4.77
11.728	4.775
11.731	4.785
11.733	4.805
11.736	4.795
11.739	4.8
11.742	4.805
11.744	4.8
11.747	4.795
11.75	4.795
11.753	4.81
11.756	4.815
11.758	4.8
11.761	4.805
11.764	4.805
11.767	4.805
11.769	4.805
11.772	4.805
11.775	4.79
11.778	4.795
11.781	4.795
11.783	4.805
11.786	4.8
11.789	4.785
11.792	4.785
11.794	4.8
11.797	4.815
11.8	4.82
11.803	4.825
11.806	4.81
11.808	4.8
11.811	4.81
11.814	4.815
11.817	4.81
11.819	4.81
11.822	4.805
11.825	4.805
11.828	4.815
11.831	4.835
11.833	4.845
11.836	4.84
11.839	4.825
11.842	4.825
11.844	4.82
11.847	4.84
11.85	4.845
11.853	4.84
11.856	4.825
11.858	4.83
11.861	4.835
11.864	4.84
11.867	4.835
11.869	4.855
11.872	4.87
11.875	4.85
11.878	4.84
11.881	4.855
11.883	4.875
11.886	4.855
11.889	4.85
11.892	4.855
11.894	4.865
11.897	4.885
11.9	4.895
11.903	4.875
11.906	4.865
11.908	4.86
11.911	4.875
11.914	4.88
11.917	4.895
11.919	4.88
11.922	4.89
11.925	4.89
11.928	4.895
11.931	4.89
11.933	4.87
11.936	4.855
11.939	4.86
11.942	4.865
11.944	4.885
11.947	4.905
11.95	4.91
11.953	4.895
11.956	4.88
11.958	4.86
11.961	4.88
11.964	4.88
11.967	4.885
11.969	4.89
11.972	4.9
11.975	4.9
11.978	4.89
11.981	4.885
11.983	4.89
11.986	4.89
11.989	4.88
11.992	4.87
11.994	4.875
11.997	4.89
12	4.89
12.003	4.89
12.006	4.885
12.008	4.865
12.011	4.895
12.014	4.89
12.017	4.91
12.019	4.915
12.022	4.91
12.025	4.9
12.028	4.9
12.031	4.925
12.033	4.93
12.036	4.92
12.039	4.92
12.042	4.915
12.044	4.915
12.047	4.915
12.05	4.93
12.053	4.925
12.056	4.93
12.058	4.92
12.061	4.905
12.064	4.91
12.067	4.925
12.069	4.925
12.072	4.92
12.075	4.915
12.078	4.92
12.081	4.93
12.083	4.935
12.086	4.93
12.089	4.935
12.092	4.925
12.094	4.92
12.097	4.915
12.1	4.925
12.103	4.93
12.106	4.94
12.108	4.915
12.111	4.92
12.114	4.92
12.117	4.925
12.119	4.92
12.122	4.915
12.125	4.9
12.128	4.905
12.131	4.925
12.133	4.94
12.136	4.965
12.139	4.965
12.142	4.945
12.144	4.935
12.147	4.94
12.15	4.955
12.153	4.94
12.156	4.92
12.158	4.92
12.161	4.925
12.164	4.93
12.167	4.93
12.169	4.935
12.172	4.94
12.175	4.93
12.178	4.93
12.181	4.925
12.183	4.925
12.186	4.925
12.189	4.925
12.192	4.925
12.194	4.945
12.197	4.95
12.2	4.945
12.203	4.93
12.206	4.93
12.208	4.925
12.211	4.93
12.214	4.93
12.217	4.94
12.219	4.935
12.222	4.925
12.225	4.925
12.228	4.935
12.231	4.94
12.233	4.94
12.236	4.95
12.239	4.935
12.242	4.935
12.244	4.945
12.247	4.95
12.25	4.96
12.253	4.935
12.256	4.94
12.258	4.91
12.261	4.915
12.264	4.94
12.267	4.935
12.269	4.94
12.272	4.93
12.275	4.935
12.278	4.94
12.281	4.95
12.283	4.945
12.286	4.945
12.289	4.94
12.292	4.94
12.294	4.945
12.297	4.94
12.3	4.915
12.303	4.94
12.306	4.92
12.308	4.925
12.311	4.935
12.314	4.94
12.317	4.95
12.319	4.95
12.322	4.94
12.325	4.94
12.328	4.955
12.331	4.96
12.333	4.945
12.336	4.93
12.339	4.93
12.342	4.93
12.344	4.93
12.347	4.945
12.35	4.95
12.353	4.945
12.356	4.935
12.358	4.92
12.361	4.93
12.364	4.95
12.367	4.95
12.369	4.96
12.372	4.95
12.375	4.925
12.378	4.935
12.381	4.945
12.383	4.945
12.386	4.95
12.389	4.95
12.392	4.925
12.394	4.915
12.397	4.93
12.4	4.945
12.403	4.93
12.406	4.93
12.408	4.93
12.411	4.935
12.414	4.935
12.417	4.96
12.419	4.945
12.422	4.935
12.425	4.935
12.428	4.945
12.431	4.95
12.433	4.96
12.436	4.955
12.439	4.95
12.442	4.94
12.444	4.94
12.447	4.935
12.45	4.955
12.453	4.945
12.456	4.93
12.458	4.94
12.461	4.935
12.464	4.95
12.467	4.95
12.469	4.95
12.472	4.95
12.475	4.945
12.478	4.96
12.481	4.955
12.483	4.95
12.486	4.935
12.489	4.925
12.492	4.935
12.494	4.935
12.497	4.945
12.5	4.945
12.503	4.955
12.506	4.935
12.508	4.945
12.511	4.955
12.514	4.95
12.517	4.965
12.519	4.945
12.522	4.93
12.525	4.925
12.528	4.95
12.531	4.98
12.533	5.015
12.536	5.005
12.539	5
12.542	5.01
12.544	5.02
12.547	5.035
12.55	5.045
12.553	5.055
12.556	5.07
12.558	5.08
12.561	5.1
12.564	5.13
12.567	5.14
12.569	5.145
12.572	5.145
12.575	5.145
12.578	5.155
12.581	5.165
12.583	5.185
12.586	5.185
12.589	5.19
12.592	5.185
12.594	5.195
12.597	5.16
12.6	5.115
12.603	5.065
12.606	5.005
12.608	4.975
12.611	4.94
12.614	4.915
12.617	4.905
12.619	4.895
12.622	4.89
12.625	4.9
12.628	4.905
12.631	4.915
12.633	4.915
12.636	4.895
12.639	4.895
12.642	4.88
12.644	4.89
12.647	4.9
12.65	4.915
12.653	4.905
12.656	4.885
12.658	4.875
12.661	4.88
12.664	4.905
12.667	4.9
12.669	4.89
12.672	4.875
12.675	4.88
12.678	4.89
12.681	4.91
12.683	4.905
12.686	4.9
12.689	4.895
12.692	4.885
12.694	4.895
12.697	4.895
12.7	4.915
12.703	4.91
12.706	4.905
12.708	4.885
12.711	4.88
12.714	4.895
12.717	4.92
12.719	4.94
12.722	4.945
12.725	4.93
12.728	4.945
12.731	4.93
12.733	4.855
12.736	4.765
12.739	4.71
12.742	4.7
12.744	4.7
12.747	4.69
12.75	4.675
12.753	4.64
12.756	4.58
12.758	4.55
12.761	4.53
12.764	4.49
12.767	4.46
12.769	4.435
12.772	4.41
12.775	4.375
12.778	4.365
12.781	4.355
12.783	4.34
12.786	4.335
12.789	4.36
12.792	4.38
12.794	4.395
12.797	4.395
12.8	4.435
12.803	4.525
12.806	4.625
12.808	4.69
12.811	4.735
12.814	4.76
12.817	4.77
12.819	4.815
12.822	4.855
12.825	4.905
12.828	4.93
12.831	4.945
12.833	4.965
12.836	4.995
12.839	4.975
12.842	4.955
12.844	4.955
12.847	4.965
12.85	4.98
12.853	4.99
12.856	4.995
12.858	4.985
12.861	4.985
12.864	4.995
12.867	4.995
12.869	4.99
12.872	4.995
12.875	4.99
12.878	4.995
12.881	5
12.883	5
12.886	4.985
12.889	4.99
12.892	4.975
12.894	4.985
12.897	4.99
12.9	4.99
12.903	4.995
12.906	4.99
12.908	4.975
12.911	4.98
12.914	4.995
12.917	5.005
12.919	4.995
12.922	4.975
12.925	4.98
12.928	4.99
12.931	4.99
12.933	4.99
12.936	4.995
12.939	4.995
12.942	5.005
12.944	5.02
12.947	5.04
12.95	5.05
12.953	5.05
12.956	5.045
12.958	5.035
12.961	5.025
12.964	5.04
12.967	5.06
12.969	5.06
12.972	5.05
12.975	5.045
12.978	5.04
12.981	5.03
12.983	5.035
12.986	5.05
12.989	5.065
12.992	5.075
12.994	5.07
12.997	5.07
13	5.075
13.003	5.075
13.006	5.08
13.008	5.08
13.011	5.09
13.014	5.1
13.017	5.1
13.019	5.08
13.022	5.075
13.025	5.065
13.028	5.08
13.031	5.095
13.033	5.1
13.036	5.1
13.039	5.08
13.042	5.075
13.044	5.06
13.047	5.075
13.05	5.08
13.053	5.065
13.056	5.07
13.058	5.065
13.061	5.075
13.064	5.09
13.067	5.075
13.069	5.065
13.072	5.06
13.075	5.05
13.078	5.065
13.081	5.065
13.083	5.065
13.086	5.06
13.089	5.05
13.092	5.055
13.094	5.05
13.097	5.05
13.1	5.045
13.103	5.03
13.106	5.025
13.108	5.01
13.111	5.015
13.114	5.035
13.117	5.03
13.119	5.02
13.122	5.005
13.125	4.99
13.128	5.01
13.131	4.995
13.133	5.02
13.136	5.01
13.139	5.005
13.142	5.005
13.144	5.005
13.147	5.015
13.15	5.01
13.153	5
13.156	4.995
13.158	4.98
13.161	4.99
13.164	5.005
13.167	5.005
13.169	5
13.172	4.99
13.175	5
13.178	4.995
13.181	5.005
13.183	4.995
13.186	4.99
13.189	4.975
13.192	4.97
13.194	4.975
13.197	4.985
13.2	5
13.203	5
13.206	4.99
13.208	4.98
13.211	4.98
13.214	5
13.217	5.01
13.219	4.99
13.222	4.98
13.225	4.975
13.228	4.99
13.231	5
13.233	4.99
13.236	4.97
13.239	4.97
13.242	4.965
13.244	4.985
13.247	4.985
13.25	4.975
13.253	4.965
13.256	4.955
13.258	4.955
13.261	4.94
13.264	4.95
13.267	4.945
13.269	4.935
13.272	4.93
13.275	4.915
13.278	4.91
13.281	4.9
13.283	4.9
13.286	4.895
13.289	4.895
13.292	4.905
13.294	4.91
13.297	4.91
13.3	4.895
13.303	4.885
13.306	4.88
13.308	4.865
13.311	4.885
13.314	4.9
13.317	4.9
13.319	4.905
13.322	4.885
13.325	4.86
13.328	4.865
13.331	4.88
13.333	4.875
13.336	4.875
13.339	4.865
13.342	4.88
13.344	4.91
13.347	4.91
13.35	4.91
13.353	4.91
13.356	4.9
13.358	4.89
13.361	4.895
13.364	4.905
13.367	4.925
13.369	4.935
13.372	4.94
13.375	4.94
13.378	4.945
13.381	4.945
13.383	4.935
13.386	4.925
13.389	4.92
13.392	4.92
13.394	4.92
13.397	4.93
13.4	4.92
13.403	4.925
13.406	4.935
13.408	4.935
13.411	4.93
13.414	4.94
13.417	4.94
13.419	4.94
13.422	4.94
13.425	4.95
13.428	4.96
13.431	4.955
13.433	4.94
13.436	4.945
13.439	4.94
13.442	4.93
13.444	4.945
13.447	4.955
13.45	4.97
13.453	4.955
13.456	4.94
13.458	4.93
13.461	4.945
13.464	4.95
13.467	4.955
13.469	4.945
13.472	4.945
13.475	4.94
13.478	4.95
13.481	4.955
13.483	4.945
13.486	4.95
13.489	4.945
13.492	4.935
13.494	4.935
13.497	4.94
13.5	4.95
13.503	4.96
13.506	4.975
13.508	4.975
13.511	4.98
13.514	4.98
13.517	4.975
13.519	4.965
13.522	4.96
13.525	4.965
13.528	4.98
13.531	5.015
13.533	4.995
13.536	5.01
13.539	5.015
13.542	5.015
13.544	5.035
13.547	5.04
13.55	5.05
13.553	5.055
13.556	5.065
13.558	5.07
13.561	5.085
13.564	5.105
13.567	5.13
13.569	5.175
13.572	5.175
13.575	5.175
13.578	5.18
13.581	5.175
13.583	5.165
13.586	5.175
13.589	5.165
13.592	5.16
13.594	5.155
13.597	5.155
13.6	5.17
13.603	5.14
13.606	5.095
13.608	5.055
13.611	5.02
13.614	4.98
13.617	4.945
13.619	4.9
13.622	4.875
13.625	4.89
13.628	4.915
13.631	4.94
13.633	4.94
13.636	4.925
13.639	4.915
13.642	4.91
13.644	4.915
13.647	4.925
13.65	4.93
13.653	4.915
13.656	4.905
13.658	4.905
13.661	4.93
13.664	4.925
13.667	4.92
13.669	4.915
13.672	4.9
13.675	4.905
13.678	4.905
13.681	4.91
13.683	4.92
13.686	4.9
13.689	4.9
13.692	4.9
13.694	4.91
13.697	4.905
13.7	4.905
13.703	4.91
13.706	4.92
13.708	4.935
13.711	4.925
13.714	4.925
13.717	4.915
13.719	4.915
13.722	4.905
13.725	4.92
13.728	4.91
13.731	4.89
13.733	4.87
13.736	4.87
13.739	4.895
13.742	4.925
13.744	4.955
13.747	4.96
13.75	4.945
13.753	4.91
13.756	4.83
13.758	4.745
13.761	4.715
13.764	4.69
13.767	4.695
13.769	4.695
13.772	4.68
13.775	4.645
13.778	4.61
13.781	4.57
13.783	4.55
13.786	4.5
13.789	4.48
13.792	4.44
13.794	4.435
13.797	4.41
13.8	4.37
13.803	4.33
13.806	4.295
13.808	4.285
13.811	4.315
13.814	4.365
13.817	4.395
13.819	4.41
13.822	4.435
13.825	4.51
13.828	4.6
13.831	4.675
13.833	4.725
13.836	4.75
13.839	4.785
13.842	4.82
13.844	4.875
13.847	4.925
13.85	4.945
13.853	4.965
13.856	4.98
13.858	4.975
13.861	4.99
13.864	4.995
13.867	5.015
13.869	5.005
13.872	5
13.875	4.99
13.878	4.99
13.881	5
13.883	4.995
13.886	5
13.889	5.005
13.892	5.01
13.894	5.025
13.897	5.04
13.9	5.04
13.903	5.03
13.906	5.02
13.908	5.01
13.911	5.02
13.914	5.045
13.917	5.04
13.919	5.03
13.922	5.015
13.925	5.015
13.928	5.025
13.931	5.03
13.933	5.025
13.936	5.025
13.939	5.03
13.942	5.025
13.944	5.045
13.947	5.05
13.95	5.04
13.953	5.03
13.956	5.01
13.958	5.01
13.961	5.035
13.964	5.065
13.967	5.08
13.969	5.07
13.972	5.065
13.975	5.065
13.978	5.06
13.981	5.08
13.983	5.085
13.986	5.09
13.989	5.085
13.992	5.08
13.994	5.095
13.997	5.115
14	5.12
14.003	5.115
14.006	5.1
14.008	5.105
14.011	5.125
14.014	5.135
14.017	5.13
14.019	5.13
14.022	5.115
14.025	5.115
14.028	5.13
14.031	5.14
14.033	5.15
14.036	5.14
14.039	5.14
14.042	5.125
14.044	5.135
14.047	5.16
14.05	5.17
14.053	5.16
14.056	5.155
14.058	5.15
14.061	5.145
14.064	5.165
14.067	5.155
14.069	5.155
14.072	5.125
14.075	5.13
14.078	5.145
14.081	5.155
14.083	5.155
14.086	5.145
14.089	5.12
14.092	5.11
14.094	5.115
14.097	5.13
14.1	5.115
14.103	5.1
14.106	5.09
14.108	5.08
14.111	5.08
14.114	5.09
14.117	5.075
14.119	5.065
14.122	5.05
14.125	5.025
14.128	5.035
14.131	5.04
14.133	5.02
14.136	5.01
14.139	5.01
14.142	5.02
14.144	5.025
14.147	5.03
14.15	5.02
14.153	5.005
14.156	4.995
14.158	4.985
14.161	4.985
14.164	5
14.167	4.995
14.169	4.985
14.172	4.99
14.175	4.97
14.178	4.97
14.181	4.98
14.183	4.98
14.186	4.96
14.189	4.965
14.192	4.955
14.194	4.98
14.197	5
14.2	4.985
14.203	4.975
14.206	4.965
14.208	4.955
14.211	4.965
14.214	4.975
14.217	4.975
14.219	4.975
14.222	4.95
14.225	4.935
14.228	4.955
14.231	4.96
14.233	4.96
14.236	4.935
14.239	4.935
14.242	4.935
14.244	4.95
14.247	4.96
14.25	4.95
14.253	4.935
14.256	4.93
14.258	4.93
14.261	4.935
14.264	4.935
14.267	4.92
14.269	4.925
14.272	4.925
14.275	4.935
14.278	4.93
14.281	4.93
14.283	4.92
14.286	4.91
14.289	4.91
14.292	4.91
14.294	4.905
14.297	4.895
14.3	4.885
14.303	4.9
14.306	4.885
14.308	4.88
14.311	4.89
14.314	4.905
14.317	4.89
14.319	4.895
14.322	4.895
14.325	4.87
14.328	4.88
14.331	4.9
14.333	4.9
14.336	4.9
14.339	4.885
14.342	4.87
14.344	4.885
14.347	4.885
14.35	4.895
14.353	4.89
14.356	4.87
14.358	4.865
14.361	4.885
14.364	4.915
14.367	4.915
14.369	4.92
14.372	4.915
14.375	4.905
14.378	4.905
14.381	4.9
14.383	4.91
14.386	4.905
14.389	4.89
14.392	4.895
14.394	4.91
14.397	4.925
14.4	4.915
14.403	4.9
14.406	4.89
14.408	4.89
14.411	4.915
14.414	4.925
14.417	4.915
14.419	4.91
14.422	4.905
14.425	4.885
14.428	4.895
14.431	4.905
14.433	4.92
14.436	4.92
14.439	4.925
14.442	4.92
14.444	4.935
14.447	4.935
14.45	4.94
14.453	4.925
14.456	4.915
14.458	4.92
14.461	4.925
14.464	4.935
14.467	4.935
14.469	4.935
14.472	4.915
14.475	4.915
14.478	4.925
14.481	4.93
14.483	4.93
14.486	4.925
14.489	4.92
14.492	4.925
14.494	4.92
14.497	4.935
14.5	4.925
14.503	4.935
14.506	4.92
14.508	4.935
14.511	4.93
14.514	4.94
14.517	4.945
14.519	4.935
14.522	4.93
14.525	4.905
14.528	4.92
14.531	4.94
14.533	4.94
14.536	4.93
14.539	4.915
14.542	4.905
14.544	4.92
14.547	4.925
14.55	4.95
14.553	4.93
14.556	4.925
14.558	4.915
14.561	4.91
14.564	4.945
14.567	4.95
14.569	4.945
14.572	4.925
14.575	4.92
14.578	4.915
14.581	4.925
14.583	4.94
14.586	4.945
14.589	4.94
14.592	4.965
14.594	4.99
14.597	5.005
14.6	5.02
14.603	5.01
14.606	5
14.608	5
14.611	5.015
14.614	5.05
14.617	5.06
14.619	5.07
14.622	5.085
14.625	5.095
14.628	5.115
14.631	5.13
14.633	5.145
14.636	5.14
14.639	5.135
14.642	5.115
14.644	5.13
14.647	5.16
14.65	5.16
14.653	5.155
14.656	5.11
14.658	5.07
14.661	5.035
14.664	5.01
14.667	4.97
14.669	4.935
14.672	4.87
14.675	4.83
14.678	4.83
14.681	4.86
14.683	4.885
14.686	4.88
14.689	4.87
14.692	4.86
14.694	4.87
14.697	4.875
14.7	4.865
14.703	4.855
14.706	4.84
14.708	4.85
14.711	4.88
14.714	4.895
14.717	4.87
14.719	4.85
14.722	4.84
14.725	4.855
14.728	4.87
14.731	4.87
14.733	4.885
14.736	4.865
14.739	4.845
14.742	4.85
14.744	4.865
14.747	4.86
14.75	4.865
14.753	4.855
14.756	4.845
14.758	4.855
14.761	4.865
14.764	4.88
14.767	4.875
14.769	4.87
14.772	4.855
14.775	4.85
14.778	4.84
14.781	4.85
14.783	4.835
14.786	4.8
14.789	4.785
14.792	4.77
14.794	4.785
14.797	4.81
14.8	4.81
14.803	4.81
14.806	4.8
14.808	4.755
14.811	4.67
14.814	4.6
14.817	4.575
14.819	4.58
14.822	4.595
14.825	4.58
14.828	4.58
14.831	4.555
14.833	4.495
14.836	4.44
14.839	4.4
14.842	4.385
14.844	4.375
14.847	4.37
14.85	4.33
14.853	4.265
14.856	4.235
14.858	4.235
14.861	4.23
14.864	4.26
14.867	4.295
14.869	4.355
14.872	4.375
14.875	4.395
14.878	4.455
14.881	4.555
14.883	4.625
14.886	4.675
14.889	4.705
14.892	4.745
14.894	4.795
14.897	4.865
14.9	4.89
14.903	4.91
14.906	4.915
14.908	4.92
14.911	4.935
14.914	4.94
14.917	4.95
14.919	4.935
14.922	4.935
14.925	4.935
14.928	4.955
14.931	4.965
14.933	4.965
14.936	4.96
14.939	4.965
14.942	4.975
14.944	4.965
14.947	4.98
14.95	4.97
14.953	4.97
14.956	4.98
14.958	4.97
14.961	4.98
14.964	4.995
14.967	4.97
14.969	4.97
14.972	4.96
14.975	4.97
14.978	4.99
14.981	5.015
14.983	5.015
14.986	4.995
14.989	5
14.992	4.985
14.994	4.995
14.997	5.015